scene_id,im_id,obj_id,score,R,t
1,0,1,1.0,"0.9392693638801575, 0.3197930157184601, -0.12452170997858047, -0.22263404726982117, 0.8439416289329529, 0.4880538880825043, 0.2611652910709381, -0.4306912422180176, 0.8638851642608643","-0.05159546807408333, -0.09753834456205368, 0.39388418197631836",-1
1,0,3,1.0,"-0.9853751063346863, -0.17014184594154358, -0.00936602707952261, -0.0816405788064003, 0.5196381211280823, -0.8504769206047058, 0.14956864714622498, -0.8372740745544434, -0.5259289741516113","-0.26009729504585266, -0.13363508880138397, 0.45226967334747314",-1
1,0,6,1.0,"0.7209022045135498, 0.6288855075836182, -0.29120978713035583, -0.27606678009033203, 0.6460020542144775, 0.7116660475730896, 0.6356785893440247, -0.43264830112457275, 0.639318585395813","-0.2443723976612091, -0.172073632478714, 0.6127896904945374",-1
1,0,8,1.0,"-0.6615702509880066, -0.6935180425643921, 0.2852327823638916, -0.19575679302215576, -0.2074589729309082, -0.9584571719169617, 0.7238813638687134, -0.6899229884147644, 0.0014878064393997192","-0.09577066451311111, -0.1225702241063118, 0.5810001492500305",-1
1,2,1,1.0,"0.9380668997764587, 0.3224661350250244, -0.1266738325357437, -0.2248363047838211, 0.8447980284690857, 0.48555612564086914, 0.26358920335769653, -0.4270032048225403, 0.864979088306427","-0.0513274222612381, -0.09819051623344421, 0.3938879072666168",-1
1,2,3,1.0,"-0.9830832481384277, -0.18301336467266083, 0.007295801304280758, -0.10561344027519226, 0.5338737964630127, -0.8389425277709961, 0.149642676115036, -0.8255210518836975, -0.544171154499054","-0.2567236125469208, -0.13330528140068054, 0.44686129689216614",-1
1,2,6,1.0,"0.7305734753608704, 0.6277133226394653, -0.26877233386039734, -0.2746066749095917, 0.6304687857627869, 0.7260168790817261, 0.6251829862594604, -0.45660200715065, 0.6329779624938965","-0.24443365633487701, -0.17271177470684052, 0.612695038318634",-1
1,2,8,1.0,"-0.001462601125240326, -0.9365790486335754, 0.3504529595375061, -0.7973976731300354, -0.2103898525238037, -0.5655909180641174, 0.6034524440765381, -0.2802776098251343, -0.7465183734893799","-0.09627790004014969, -0.1448976844549179, 0.6181897521018982",-1
1,4,1,1.0,"0.9408586621284485, 0.3156687319278717, -0.12303800880908966, -0.21926696598529816, 0.8441874980926514, 0.48915213346481323, 0.25827714800834656, -0.4332447946071625, 0.8634766936302185","-0.05134371295571327, -0.09843018651008606, 0.39417949318885803",-1
1,4,3,1.0,"-0.9861090779304504, -0.16604545712471008, -0.004223993979394436, -0.08125840127468109, 0.5044440031051636, -0.8596122860908508, 0.1448654979467392, -0.847328245639801, -0.5109294056892395","-0.2614993155002594, -0.13479779660701752, 0.4541776478290558",-1
1,4,6,1.0,"0.739425539970398, 0.6197926998138428, -0.26288193464279175, -0.2813343405723572, 0.6392090916633606, 0.7157254219055176, 0.6116378903388977, -0.45526793599128723, 0.6470165848731995","-0.24515047669410706, -0.17313160002231598, 0.6141695976257324",-1
1,4,8,1.0,"-0.7416025400161743, -0.627741277217865, 0.23657259345054626, -0.19658160209655762, -0.13381415605545044, -0.9713132977485657, 0.6413901448249817, -0.7668342590332031, -0.024165479466319084","-0.10211462527513504, -0.12820331752300262, 0.589849591255188",-1
1,5,1,1.0,"0.9381047487258911, 0.3226962089538574, -0.12580373883247375, -0.22592569887638092, 0.8454436659812927, 0.4839242100715637, 0.26252052187919617, -0.42554932832717896, 0.8660200834274292","-0.05114702507853508, -0.0985737293958664, 0.39290645718574524",-1
1,5,3,1.0,"-0.9797238707542419, -0.19802117347717285, -0.030477173626422882, -0.07700289785861969, 0.5125954747200012, -0.855170488357544, 0.18496431410312653, -0.8354840874671936, -0.517450213432312","-0.26522642374038696, -0.13604016602039337, 0.45961058139801025",-1
1,5,6,1.0,"0.7377080917358398, 0.6186551451683044, -0.27028271555900574, -0.2767504155635834, 0.6422790884971619, 0.7147635817527771, 0.615788996219635, -0.45248591899871826, 0.6450274586677551","-0.24451060593128204, -0.17341798543930054, 0.6119790077209473",-1
1,5,8,1.0,"-0.6985278129577637, -0.6808722615242004, 0.22016339004039764, -0.2462880164384842, -0.06011657789349556, -0.9673304557800293, 0.6718639731407166, -0.7299309372901917, -0.1256975531578064","-0.09545831382274628, -0.12464655190706253, 0.5827397704124451",-1
1,6,1,1.0,"0.9396043419837952, 0.31895071268081665, -0.12415330857038498, -0.2225712537765503, 0.8449717164039612, 0.486297070980072, 0.26001086831092834, -0.4292939603328705, 0.8649284243583679","-0.051146626472473145, -0.0987938791513443, 0.39312851428985596",-1
1,6,3,1.0,"0.7253900766372681, 0.6339765191078186, -0.26811039447784424, -0.28050896525382996, 0.627956748008728, 0.7259374260902405, 0.6285889148712158, -0.4513804316520691, 0.6333497166633606","-0.2448999434709549, -0.1734486073255539, 0.6115769743919373",-1
1,6,6,1.0,"-0.9792986512184143, -0.20014290511608124, -0.030283546075224876, -0.08071020990610123, 0.5232756733894348, -0.8483327627182007, 0.18563443422317505, -0.8283268809318542, -0.5285966396331787","-0.2626827359199524, -0.1352473944425583, 0.4544869661331177",-1
1,6,8,1.0,"-0.6789225935935974, -0.6831744909286499, 0.2689550518989563, -0.2192893624305725, -0.16091710329055786, -0.9622983336448669, 0.7006970047950745, -0.7123050689697266, -0.04056263342499733","-0.09557847678661346, -0.12973980605602264, 0.5871570110321045",-1
1,7,1,1.0,"0.9382385611534119, 0.32236576080322266, -0.12565316259860992, -0.2237696796655655, 0.842367947101593, 0.49024829268455505, 0.2638854384422302, -0.4318525195121765, 0.8624777793884277","-0.051004406064748764, -0.09833234548568726, 0.3932206630706787",-1
1,7,3,1.0,"-0.9833321571350098, -0.18173202872276306, -0.0055983541533350945, -0.08923294395208359, 0.5091997385025024, -0.8560099601745605, 0.15841510891914368, -0.8412426114082336, -0.5169289112091064","-0.26003700494766235, -0.13407963514328003, 0.45156994462013245",-1
1,7,6,1.0,"0.7299665808677673, 0.6301401257514954, -0.26471206545829773, -0.2759982645511627, 0.6260805726051331, 0.7292792797088623, 0.6252790689468384, -0.4592893719673157, 0.6309353113174438","-0.24448055028915405, -0.17261920869350433, 0.611058235168457",-1
1,7,8,1.0,"-0.6978592872619629, -0.6753936409950256, 0.23840269446372986, -0.21902167797088623, -0.11567682027816772, -0.9688388109207153, 0.6819251179695129, -0.72832852602005, -0.0671997219324112","-0.09459691494703293, -0.12359987199306488, 0.5787243843078613",-1
1,8,1,1.0,"0.939120352268219, 0.3200059235095978, -0.12509705126285553, -0.22298578917980194, 0.8446462750434875, 0.4866725206375122, 0.2614007592201233, -0.42914915084838867, 0.8645811676979065","-0.05090213567018509, -0.09798888117074966, 0.39324551820755005",-1
1,8,3,1.0,"0.7384249567985535, 0.6192694306373596, -0.2668972909450531, -0.27607855200767517, 0.6387320756912231, 0.718193531036377, 0.6152310967445374, -0.45664745569229126, 0.6426226496696472","-0.24500082433223724, -0.17261698842048645, 0.6128913760185242",-1
1,8,6,1.0,"-0.980523407459259, -0.19278162717819214, -0.037538621574640274, -0.06437301635742188, 0.49602577090263367, -0.8659183979034424, 0.18555326759815216, -0.8466367721557617, -0.49877476692199707","-0.2663310766220093, -0.13566505908966064, 0.46192437410354614",-1
1,8,8,1.0,"-0.7088096737861633, -0.6592594981193542, 0.25093016028404236, -0.19481399655342102, -0.1589411050081253, -0.9678767919540405, 0.6779650449752808, -0.7349250912666321, -0.015774009749293327","-0.10085223615169525, -0.12705974280834198, 0.58966064453125",-1
1,9,1,1.0,"0.9380174279212952, 0.3224618434906006, -0.12705005705356598, -0.22435133159160614, 0.8443354368209839, 0.4865841269493103, 0.26417768001556396, -0.42792052030563354, 0.8643460273742676","-0.050600193440914154, -0.0978570505976677, 0.3927500247955322",-1
1,9,3,1.0,"-0.9851164221763611, -0.17185555398464203, 0.003379874862730503, -0.09533795714378357, 0.5299268960952759, -0.8426673412322998, 0.1430259644985199, -0.8304476141929626, -0.538424015045166","-0.2575831711292267, -0.13317237794399261, 0.44667670130729675",-1
1,9,6,1.0,"0.7206906676292419, 0.6339890360832214, -0.2804689109325409, -0.28507697582244873, 0.6398006677627563, 0.7137129902839661, 0.631930410861969, -0.43441107869148254, 0.641834020614624","-0.24459558725357056, -0.17240698635578156, 0.6112321019172668",-1
1,9,8,1.0,"-0.7184765934944153, -0.662501335144043, 0.21185711026191711, -0.21174375712871552, -0.08180180191993713, -0.9738958477973938, 0.6625375747680664, -0.7445808053016663, -0.0815078541636467","-0.09661629050970078, -0.12692289054393768, 0.5888538956642151",-1
1,10,1,1.0,"0.9363164901733398, 0.3259375989437103, -0.13067609071731567, -0.22647425532341003, 0.8448907136917114, 0.48463335633277893, 0.2683671712875366, -0.4241753816604614, 0.8649014234542847","-0.05011226609349251, -0.0981038436293602, 0.3922733664512634",-1
1,10,3,1.0,"-0.9854822158813477, -0.16975899040699005, -0.0025819758884608746, -0.08606696128845215, 0.5126280188560486, -0.8542861938476562, 0.14634639024734497, -0.8416616320610046, -0.5197963714599609","-0.2595188021659851, -0.13432720303535461, 0.4506012201309204",-1
1,10,6,1.0,"0.738611102104187, 0.6119745373725891, -0.2827383279800415, -0.2716844081878662, 0.6540666222572327, 0.7059636116027832, 0.6169613599777222, -0.4446169435977936, 0.6493647694587708","-0.24516883492469788, -0.17393673956394196, 0.6151469349861145",-1
1,10,8,1.0,"-0.6483349800109863, -0.7060027718544006, 0.28499478101730347, -0.22926093637943268, -0.1759171485900879, -0.9573361277580261, 0.7260174751281738, -0.6860127449035645, -0.047805607318878174","-0.09531276673078537, -0.12748391926288605, 0.5843361020088196",-1
1,11,1,1.0,"0.9355597496032715, 0.3275200426578522, -0.13213081657886505, -0.22805501520633698, 0.8459240198135376, 0.48208242654800415, 0.2696642577648163, -0.4208838641643524, 0.8661050796508789","-0.04957742616534233, -0.09871140122413635, 0.3918400704860687",-1
1,11,3,1.0,"-0.9803367853164673, -0.1949302852153778, -0.030690904706716537, -0.0795639231801033, 0.5327881574630737, -0.8425000905990601, 0.1805805265903473, -0.8234919905662537, -0.5378212332725525","-0.2623957097530365, -0.1360436975955963, 0.4542853534221649",-1
1,11,6,1.0,"0.7296151518821716, 0.6279196739196777, -0.27088502049446106, -0.27706870436668396, 0.6335726976394653, 0.7223699688911438, 0.6252157092094421, -0.45199838280677795, 0.6362411379814148","-0.2440740019083023, -0.17414170503616333, 0.6110112071037292",-1
1,11,8,1.0,"-0.6628403067588806, -0.6829926371574402, 0.30686140060424805, -0.22681815922260284, -0.20741575956344604, -0.9515946507453918, 0.7135798931121826, -0.7003569602966309, -0.017431603744626045","-0.09603694826364517, -0.1277410238981247, 0.5822329521179199",-1
1,12,1,1.0,"0.9352430105209351, 0.32879409193992615, -0.1312052309513092, -0.22946307063102722, 0.8452673554420471, 0.48256585001945496, 0.2695683240890503, -0.4212096333503723, 0.8659766316413879","-0.048900190740823746, -0.09854406863451004, 0.39202767610549927",-1
1,12,3,1.0,"-0.9802495241165161, -0.19530557096004486, -0.031096065416932106, -0.0764663815498352, 0.5193084478378296, -0.8511590361595154, 0.18238453567028046, -0.83197021484375, -0.5239859819412231","-0.26317450404167175, -0.13600696623325348, 0.45737093687057495",-1
1,12,6,1.0,"0.72865229845047, 0.6295884847640991, -0.26960045099258423, -0.2803493142127991, 0.6333383917808533, 0.7213091850280762, 0.6248762011528015, -0.4500012695789337, 0.6379880309104919","-0.24354003369808197, -0.1738910973072052, 0.6110032796859741",-1
1,12,8,1.0,"-0.7290756702423096, -0.6368929147720337, 0.25063154101371765, -0.20244580507278442, -0.14913156628608704, -0.9678716659545898, 0.6538076400756836, -0.7563909292221069, -0.02020810730755329","-0.09604918956756592, -0.12709926068782806, 0.5833632349967957",-1
1,34,1,1.0,"-0.979368269443512, -0.18225140869617462, -0.08730617165565491, -0.021746603772044182, 0.5245688557624817, -0.8510904908180237, 0.20091049373149872, -0.8316323757171631, -0.5177093744277954","-0.22752296924591064, -0.12634685635566711, 0.465699166059494",-1
1,34,3,1.0,"0.9441972970962524, 0.3069591224193573, -0.11944769322872162, -0.21126210689544678, 0.8426007628440857, 0.49537089467048645, 0.25270533561706543, -0.44249311089515686, 0.8604300618171692","-0.007690586615353823, -0.08581499010324478, 0.38582125306129456",-1
1,34,6,1.0,"0.7323792576789856, 0.6168407201766968, -0.2883196473121643, -0.25781041383743286, 0.6431301832199097, 0.7210532426834106, 0.6302019357681274, -0.45375263690948486, 0.6300431489944458","-0.19757632911205292, -0.15951740741729736, 0.603766679763794",-1
1,34,8,1.0,"-0.41240203380584717, -0.8651558756828308, 0.2853589951992035, -0.22549374401569366, -0.20654737949371338, -0.9520980715751648, 0.8826534748077393, -0.4569939076900482, -0.10990665853023529","-0.03941350057721138, -0.09971272945404053, 0.5372236371040344",-1
1,37,1,1.0,"0.9380643367767334, 0.3198838531970978, -0.13307717442512512, -0.2180827558040619, 0.8436393141746521, 0.49062445759773254, 0.2692119777202606, -0.4312154948711395, 0.8611491918563843","-0.003589263651520014, -0.08703754842281342, 0.3832836151123047",-1
1,37,3,1.0,"-0.9823881387710571, -0.18066540360450745, -0.047680001705884933, -0.03137876093387604, 0.41106751561164856, -0.9110645651817322, 0.1841975599527359, -0.8935230374336243, -0.4094969928264618","-0.22499634325504303, -0.12861783802509308, 0.46881765127182007",-1
1,37,6,1.0,"-0.5709036588668823, -0.7657260298728943, 0.2961970269680023, -0.2697076201438904, -0.16583241522312164, -0.9485554099082947, 0.7754526138305664, -0.6214203834533691, -0.11184780299663544","-0.042757272720336914, -0.10627014935016632, 0.5507119297981262",-1
1,37,8,1.0,"0.9715907573699951, -0.23387059569358826, 0.03627472743391991, -0.1155061349272728, -0.334805965423584, 0.9351808428764343, -0.20656633377075195, -0.9128031134605408, -0.35230791568756104","-0.17896439135074615, -0.1431446671485901, 0.6127280592918396",-1
1,38,1,1.0,"0.9472437500953674, 0.2992321848869324, -0.11484459042549133, -0.20836976170539856, 0.847185492515564, 0.48873186111450195, 0.2435390055179596, -0.4390181303024292, 0.8648421168327332","-0.0018896048422902822, -0.08751504123210907, 0.383930504322052",-1
1,38,3,1.0,"-0.9711222052574158, -0.20680847764015198, -0.1189613789319992, -0.01165253296494484, 0.5391361117362976, -0.8421379923820496, 0.23829765617847443, -0.816432774066925, -0.5259768962860107","-0.2184406965970993, -0.12591934204101562, 0.45679232478141785",-1
1,38,6,1.0,"0.7186618447303772, 0.6261363625526428, -0.30245453119277954, -0.26355618238449097, 0.6477795243263245, 0.71478670835495, 0.6434776782989502, -0.4339761435985565, 0.6305564641952515","-0.19227825105190277, -0.16299639642238617, 0.6014103293418884",-1
1,38,8,1.0,"-0.5363112092018127, -0.7855492830276489, 0.3086789846420288, -0.2839875817298889, -0.1764492392539978, -0.9424524903297424, 0.7948090434074402, -0.5931088328361511, -0.1284545361995697","-0.04127572849392891, -0.1070711612701416, 0.5506375432014465",-1
1,40,1,1.0,"0.9436547756195068, 0.30516842007637024, -0.1280149519443512, -0.20651587843894958, 0.8453044295310974, 0.49275898933410645, 0.2585861384868622, -0.43855732679367065, 0.8606977462768555","0.0012024749303236604, -0.08892665058374405, 0.38337022066116333",-1
1,40,3,1.0,"-0.9804590344429016, -0.19129034876823425, -0.04591502249240875, -0.03487570583820343, 0.3987194299697876, -0.9164094924926758, 0.19360749423503876, -0.8969007134437561, -0.39759939908981323","-0.2207305133342743, -0.13130389153957367, 0.4679492712020874",-1
1,40,6,1.0,"0.9688234925270081, -0.24269495904445648, 0.04980214685201645, -0.1306208074092865, -0.32955193519592285, 0.9350581765174866, -0.21052150428295135, -0.9124115705490112, -0.35097867250442505","-0.17356249690055847, -0.14501014351844788, 0.6085293889045715",-1
1,40,8,1.0,"-0.5193580389022827, -0.8014177083969116, 0.2966425120830536, -0.2808753252029419, -0.16775661706924438, -0.9449689984321594, 0.8070787787437439, -0.5740968585014343, -0.13797274231910706","-0.037277668714523315, -0.10819262266159058, 0.548178493976593",-1
1,42,1,1.0,"-0.9698264002799988, -0.21438437700271606, -0.11608673632144928, -0.0077733490616083145, 0.5031121373176575, -0.8641863465309143, 0.24367263913154602, -0.8372082710266113, -0.4895979166030884","-0.21427515149116516, -0.12951049208641052, 0.4635104835033417",-1
1,42,3,1.0,"0.9431730508804321, 0.30653655529022217, -0.1282966434955597, -0.20769989490509033, 0.8451824188232422, 0.49247094988822937, 0.2593943774700165, -0.437838077545166, 0.8608208298683167","0.004844669718295336, -0.08823320269584656, 0.3828084170818329",-1
1,42,6,1.0,"0.7264103293418884, 0.6168636083602905, -0.30299752950668335, -0.25016796588897705, 0.6479644775390625, 0.7194152474403381, 0.640112578868866, -0.4467904269695282, 0.6250075101852417","-0.1853175163269043, -0.16525475680828094, 0.6017727851867676",-1
1,42,8,1.0,"-0.49773895740509033, -0.8100770711898804, 0.3098893165588379, -0.24063295125961304, -0.21428751945495605, -0.9466662406921387, 0.8332778215408325, -0.5457621812820435, -0.08827193081378937","-0.030693119391798973, -0.10668114572763443, 0.5461061000823975",-1
1,52,1,1.0,"-0.9777986407279968, -0.2055402398109436, -0.04078298434615135, -0.05086865276098251, 0.42162927985191345, -0.9053403735160828, 0.20327916741371155, -0.8831658959388733, -0.42272400856018066","-0.19024509191513062, -0.12913957238197327, 0.4697875380516052",-1
1,52,3,1.0,"0.9511661529541016, 0.28899094462394714, -0.10847655683755875, -0.20110830664634705, 0.8467720150947571, 0.492475688457489, 0.23417599499225616, -0.4466107189655304, 0.863539457321167","0.03139675408601761, -0.0840509906411171, 0.3793284595012665",-1
1,52,4,1.0,"0.6281698346138, -0.727934718132019, 0.2747977375984192, -0.23528537154197693, -0.5143545866012573, -0.8246697187423706, 0.7416492700576782, 0.45337677001953125, -0.4943743944168091","0.033932097256183624, -0.10655838996171951, 0.556606650352478",-1
1,52,6,1.0,"0.7413641214370728, 0.6072169542312622, -0.2857741117477417, -0.24959272146224976, 0.644757866859436, 0.7224894165992737, 0.6229628324508667, -0.46430057287216187, 0.6295572519302368","-0.15748687088489532, -0.16158612072467804, 0.605332612991333",-1
1,52,8,1.0,"-0.982434093952179, 0.1782510131597519, -0.05522560328245163, 0.08087970316410065, 0.14002850651741028, -0.9868386387825012, -0.16817179322242737, -0.9739704728126526, -0.15198564529418945","-0.3100222647190094, -0.11875813454389572, 0.6180403828620911",-1
1,81,1,1.0,"0.08294541388750076, -0.9904083013534546, 0.11050635576248169, 0.9611464142799377, 0.05020907521247864, -0.27143433690071106, 0.26328232884407043, 0.1287270188331604, 0.9560920000076294","-0.15265095233917236, -0.08876253664493561, 0.34168699383735657",-1
1,81,2,1.0,"-0.9746646285057068, -0.22123506665229797, -0.03292447328567505, -0.07672315835952759, 0.4689539968967438, -0.8798840045928955, 0.21010123193264008, -0.855065643787384, -0.4740466773509979","-0.11198698729276657, -0.13207025825977325, 0.4644232988357544",-1
1,81,3,1.0,"0.8948784470558167, -0.41627147793769836, -0.1609681248664856, -0.022785130888223648, -0.40280476212501526, 0.9150022864341736, -0.445728063583374, -0.8151481747627258, -0.36994606256484985","-0.05714110657572746, -0.1476973295211792, 0.6212949752807617",-1
1,81,4,1.0,"-0.18372415006160736, -0.9267595410346985, 0.3276618719100952, -0.35166671872138977, -0.24930472671985626, -0.9023178815841675, 0.9179193377494812, -0.2810054123401642, -0.28010720014572144","0.07916808873414993, -0.10360289365053177, 0.5343589186668396",-1
1,81,6,1.0,"0.5905857682228088, -0.5770905017852783, -0.5640700459480286, -0.04660859704017639, -0.7222199440002441, 0.6900913119316101, -0.8056277632713318, -0.38126760721206665, -0.45343017578125","0.11995718628168106, -0.06867241859436035, 0.39164024591445923",-1
1,81,8,1.0,"-0.9798851013183594, 0.17004407942295074, 0.10445238649845123, -0.19246767461299896, -0.6669349670410156, -0.7198291420936584, -0.05273972824215889, -0.7254536151885986, 0.6862475872039795","-0.20254427194595337, -0.13473600149154663, 0.553067147731781",-1
1,114,1,1.0,"0.04995273798704147, -0.9862657189369202, 0.1574316918849945, 0.9697766900062561, 0.010204385034739971, -0.2437804937362671, 0.23882585763931274, 0.1648510992527008, 0.9569671750068665","-0.0696987733244896, -0.07973646372556686, 0.35497742891311646",-1
1,114,2,1.0,"0.7059122323989868, -0.6695523262023926, 0.23105737566947937, -0.1751551777124405, -0.48109814524650574, -0.8589909672737122, 0.6863006353378296, 0.5659012794494629, -0.4568886160850525","0.21113459765911102, -0.09167018532752991, 0.5696214437484741",-1
1,114,3,1.0,"-0.9539156556129456, -0.2967913746833801, -0.04426835849881172, -0.08729071170091629, 0.4155993163585663, -0.9053493142127991, 0.2870978116989136, -0.8597626686096191, -0.4223538935184479","-0.019778866320848465, -0.11955960839986801, 0.4768197238445282",-1
1,114,4,1.0,"-0.8215360045433044, 0.367092102766037, 0.43625926971435547, -0.5226824283599854, -0.7905762791633606, -0.31904900074005127, 0.22777581214904785, -0.4901352524757385, 0.8413593769073486","-0.2612808644771576, -0.1341429352760315, 0.5324550867080688",-1
1,114,5,1.0,"0.9669957756996155, 0.24767231941223145, -0.059813544154167175, -0.18531829118728638, 0.8447793126106262, 0.5020011067390442, 0.17486104369163513, -0.4743484556674957, 0.8627961277961731","0.19140562415122986, -0.06917250901460648, 0.3738016188144684",-1
1,114,6,1.0,"0.6297560334205627, -0.7276607751846313, -0.27187687158584595, 0.10893426090478897, -0.26381197571754456, 0.9584032297134399, -0.7691167593002319, -0.6331769227981567, -0.08686999976634979","0.04748549312353134, -0.11833877116441727, 0.5712639689445496",-1
1,114,8,1.0,"-0.9979068040847778, -0.06066243723034859, 0.022403918206691742, 0.022717870771884918, -0.6532236337661743, -0.7568240761756897, 0.06054557114839554, -0.7547309398651123, 0.653234601020813","-0.14526492357254028, -0.13595828413963318, 0.6134662628173828",-1
1,141,1,1.0,"0.040088947862386703, -0.9816396832466125, 0.1864849328994751, 0.9618402123451233, -0.012643012218177319, -0.27331992983818054, 0.27065935730934143, 0.1903257966041565, 0.9436735510826111","0.0003599635965656489, -0.08094651252031326, 0.3506474196910858",-1
1,141,2,1.0,"-0.9522714018821716, -0.3021310567855835, -0.0435439795255661, -0.08870492875576019, 0.4103884994983673, -0.9075863361358643, 0.2920799255371094, -0.8604059815406799, -0.41760167479515076","0.052689630538225174, -0.11964216083288193, 0.4731524884700775",-1
1,141,3,1.0,"0.6997976899147034, -0.6518878936767578, 0.2921049892902374, -0.09907791018486023, -0.4935379922389984, -0.8640623092651367, 0.707436740398407, 0.5757277607917786, -0.4099644720554352","0.28794777393341064, -0.08709695935249329, 0.5694735050201416",-1
1,141,4,1.0,"-0.8059863448143005, 0.35287022590637207, 0.4752562940120697, -0.5301257371902466, -0.7875047326087952, -0.31432968378067017, 0.2633489668369293, -0.5052910447120667, 0.8217836022377014","-0.18751060962677002, -0.1360170990228653, 0.5303602814674377",-1
1,141,5,1.0,"0.9606112241744995, 0.24038487672805786, -0.13943248987197876, -0.13867947459220886, 0.8494710922241211, 0.5090845227241516, 0.24082006514072418, -0.4696958363056183, 0.8493477702140808","0.27141788601875305, -0.06682240962982178, 0.38101330399513245",-1
1,141,6,1.0,"-0.1820291429758072, 0.1732526421546936, 0.9679097533226013, -0.9420229196548462, -0.3129148781299591, -0.12115003168582916, 0.28188368678092957, -0.9338457584381104, 0.22016753256320953","-0.059947606176137924, -0.20190007984638214, 0.9263080954551697",-1
1,141,7,1.0,"-0.40777239203453064, -0.39232778549194336, -0.824500322341919, 0.8657358288764954, -0.45312583446502686, -0.21255217492580414, -0.2902122139930725, -0.8004722595214844, 0.5244243741035461","-0.23929451406002045, -0.040328722447156906, 0.42147570848464966",-1
1,141,8,1.0,"-0.08807923644781113, 0.6223925948143005, -0.7777336239814758, 0.9286947846412659, 0.33366483449935913, 0.16184432804584503, 0.3602330684661865, -0.7080220580101013, -0.6074017286300659","0.1103387251496315, -0.11154401302337646, 0.5970708727836609",-1
1,164,2,1.0,"0.0288180410861969, -0.9860799908638, 0.16375568509101868, 0.9592806696891785, -0.018768006935715675, -0.28183048963546753, 0.2809807360172272, 0.16520947217941284, 0.9453865885734558","0.05296231061220169, -0.06553259491920471, 0.35106712579727173",-1
1,164,3,1.0,"-0.9572426676750183, -0.2879706621170044, -0.02755691297352314, -0.08330076187849045, 0.36561089754104614, -0.9270327687263489, 0.27703332901000977, -0.8850998282432556, -0.3739664852619171","0.10773441195487976, -0.10201946645975113, 0.480745792388916",-1
1,164,4,1.0,"-0.8058307766914368, 0.30096641182899475, 0.5099567770957947, -0.4866667091846466, -0.8272223472595215, -0.28081774711608887, 0.3373309075832367, -0.4744705557823181, 0.813071608543396","-0.1355123519897461, -0.11501085758209229, 0.5360685586929321",-1
1,164,5,1.0,"-0.6193363070487976, 0.7802956104278564, 0.08695550262928009, 0.2506086230278015, 0.30143311619758606, -0.9199638366699219, -0.744054913520813, -0.5479751825332642, -0.3822373151779175","0.1534048467874527, -0.09051068127155304, 0.5740098357200623",-1
1,164,7,1.0,"0.7430847883224487, 0.6679493188858032, 0.040849801152944565, 0.14468349516391754, -0.10075952857732773, -0.9843344688415527, -0.6533694863319397, 0.7373542785644531, -0.1715141236782074","0.0029580367263406515, -0.0820714682340622, 0.5881437063217163",-1
1,164,8,1.0,"-0.2980847954750061, -0.4442083239555359, -0.8448812365531921, 0.9486809968948364, -0.23577898740768433, -0.2107425332069397, -0.10559168457984924, -0.8643420338630676, 0.4916941821575165","-0.18081478774547577, -0.022562308236956596, 0.406595915555954",-1
1,166,2,1.0,"0.014332837425172329, -0.9760939478874207, 0.21687564253807068, 0.9735085964202881, -0.03587896004319191, -0.22581776976585388, 0.22820067405700684, 0.21436691284179688, 0.9497216939926147","0.055243734270334244, -0.06466861814260483, 0.35023337602615356",-1
1,166,3,1.0,"-0.9559405446052551, -0.2920803129673004, -0.029441703110933304, -0.08891202509403229, 0.38365161418914795, -0.9191879034042358, 0.27977198362350464, -0.8760712146759033, -0.39271754026412964","0.10929997265338898, -0.10147055238485336, 0.47975531220436096",-1
1,166,4,1.0,"-0.7987865805625916, 0.36268484592437744, 0.4799996614456177, -0.5299627780914307, -0.8018226027488708, -0.2760799825191498, 0.284744530916214, -0.4749109148979187, 0.8326945900917053","-0.1322084665298462, -0.11293832957744598, 0.5249708294868469",-1
1,166,5,1.0,"0.6996365785598755, 0.7137464284896851, 0.032784849405288696, 0.1658027172088623, -0.11755026876926422, -0.9791278839111328, -0.6949951648712158, 0.69046950340271, -0.2005835473537445","0.004090003203600645, -0.08225139230489731, 0.5958373546600342",-1
1,166,7,1.0,"-0.3049164414405823, -0.45419299602508545, -0.8370989561080933, 0.9449682235717773, -0.25372132658958435, -0.20654413104057312, -0.11857900023460388, -0.8540107011795044, 0.5065616965293884","-0.17763888835906982, -0.021707670763134956, 0.40429791808128357",-1
1,166,8,1.0,"0.9928934574127197, -0.11462561041116714, 0.03199538588523865, 0.0018571623368188739, -0.25389549136161804, -0.9672298431396484, 0.11899277567863464, 0.9604156017303467, -0.2518782615661621","0.15678730607032776, -0.10070863366127014, 0.6119124293327332",-1
1,167,2,1.0,"0.0119414571672678, -0.9781266450881958, 0.20766746997833252, 0.9611257910728455, -0.04606606066226959, -0.27224138379096985, 0.2758529484272003, 0.2028455138206482, 0.9395526051521301","0.05641874670982361, -0.06450877338647842, 0.3516870141029358",-1
1,167,3,1.0,"-0.9577197432518005, -0.2856241464614868, -0.03452397882938385, -0.08160945028066635, 0.3847722113132477, -0.9193968176841736, 0.27588576078414917, -0.8777070045471191, -0.3918135464191437","0.11036677658557892, -0.1014731153845787, 0.4808763265609741",-1
1,167,4,1.0,"-0.8090489506721497, 0.3607596158981323, 0.46399617195129395, -0.5176119804382324, -0.8113203644752502, -0.2717301845550537, 0.27842026948928833, -0.46001291275024414, 0.8431313037872314","-0.13034716248512268, -0.11119938641786575, 0.5193437933921814",-1
1,167,5,1.0,"0.6844831705093384, 0.7283201217651367, 0.03213394433259964, 0.1990824043750763, -0.14433389902114868, -0.9692956209182739, -0.7013194561004639, 0.6698638200759888, -0.24378986656665802","0.0025634567718952894, -0.08013364672660828, 0.6002309322357178",-1
1,167,7,1.0,"-0.30724501609802246, -0.45606958866119385, -0.8352251648902893, 0.9392823576927185, -0.2862665057182312, -0.18920935690402985, -0.15280434489250183, -0.8426460027694702, 0.5163320899009705","-0.1759241670370102, -0.020902559161186218, 0.4023515582084656",-1
1,167,8,1.0,"0.9904847741127014, 0.021370187401771545, 0.1359528750181198, 0.13760334253311157, -0.17013686895370483, -0.9757658243179321, 0.002278292551636696, 0.9851887822151184, -0.17145857214927673","0.15268561244010925, -0.10388707369565964, 0.6158757209777832",-1
1,168,2,1.0,"0.022494960576295853, -0.9740357995033264, 0.2252746969461441, 0.9663261771202087, -0.03659132868051529, -0.254705548286438, 0.25633537769317627, 0.2234184443950653, 0.9404129981994629","0.05747249349951744, -0.0639895349740982, 0.3498237729072571",-1
1,168,3,1.0,"-0.9581340551376343, -0.2843570411205292, -0.033469296991825104, -0.08348791301250458, 0.3892814815044403, -0.9173275232315063, 0.27387750148773193, -0.8761284947395325, -0.39672422409057617","0.11179263144731522, -0.10107049345970154, 0.481407105922699",-1
1,168,4,1.0,"-0.8059636950492859, 0.3597029149532318, 0.47014495730400085, -0.5195068120956421, -0.8105360865592957, -0.2704516053199768, 0.28378725051879883, -0.4622177183628082, 0.8401308059692383","-0.1299877166748047, -0.11101891845464706, 0.5214920043945312",-1
1,168,5,1.0,"0.8511564135551453, -0.5223907232284546, 0.05138903483748436, -0.08715446293354034, -0.23718522489070892, -0.9675470590591431, 0.5176264047622681, 0.8190550804138184, -0.2474103718996048","0.025902504101395607, -0.0817575678229332, 0.6081970930099487",-1
1,168,7,1.0,"-0.3042401075363159, -0.4485779404640198, -0.840366542339325, 0.9415925741195679, -0.2753072679042816, -0.19393138587474823, -0.14436572790145874, -0.8502846360206604, 0.5061370730400085","-0.1747923493385315, -0.02014288865029812, 0.4022502899169922",-1
1,168,8,1.0,"0.986823558807373, 0.015391573309898376, 0.16106651723384857, 0.16024845838546753, -0.23051327466964722, -0.9597833156585693, 0.022355394437909126, 0.9729474782943726, -0.22994238138198853","0.15321114659309387, -0.10404887795448303, 0.6173268556594849",-1
1,169,2,1.0,"0.017829488962888718, -0.9873725175857544, 0.1574104279279709, 0.9680604934692383, -0.02233067713677883, -0.24972118437290192, 0.2500828504562378, 0.1568351686000824, 0.9554378390312195","0.05790731683373451, -0.06362470239400864, 0.34842294454574585",-1
1,169,3,1.0,"-0.9586478471755981, -0.28296855092048645, -0.030383428558707237, -0.08892235904932022, 0.3992348909378052, -0.9125264286994934, 0.27034640312194824, -0.872089684009552, -0.40788787603378296","0.11215009540319443, -0.10102299600839615, 0.48113033175468445",-1
1,169,4,1.0,"-0.8039635419845581, 0.3603734076023102, 0.4730471968650818, -0.5255860090255737, -0.802742600440979, -0.2817158102989197, 0.2782122492790222, -0.47511622309684753, 0.8347829580307007","-0.13040854036808014, -0.11157429963350296, 0.5249084234237671",-1
1,169,5,1.0,"0.9170093536376953, -0.39758309721946716, 0.03196157142519951, -0.09588570892810822, -0.2975177466869354, -0.9498889446258545, 0.3871689438819885, 0.8679924011230469, -0.31094908714294434","0.02506442368030548, -0.08195391297340393, 0.6141046285629272",-1
1,169,7,1.0,"-0.3104672431945801, -0.44252172112464905, -0.8412994742393494, 0.9386507868766785, -0.28251218795776367, -0.19779236614704132, -0.15014994144439697, -0.8510944247245789, 0.5030840635299683","-0.17409031093120575, -0.01986890845000744, 0.40173181891441345",-1
1,169,8,1.0,"0.9752976894378662, 0.12730832397937775, 0.18051877617835999, 0.2014729529619217, -0.17759893834590912, -0.9632586240768433, -0.09057090431451797, 0.9758336544036865, -0.1988610178232193","0.15154501795768738, -0.10426850616931915, 0.6191259622573853",-1
1,170,2,1.0,"-0.03936108946800232, -0.9868751168251038, 0.15661613643169403, 0.9874205589294434, -0.062436629086732864, -0.14526726305484772, 0.1531391739845276, 0.14892810583114624, 0.97691810131073","0.05786927789449692, -0.06247854232788086, 0.34416651725769043",-1
1,170,3,1.0,"-0.957421064376831, -0.28716883063316345, -0.029649266973137856, -0.08741556107997894, 0.38624924421310425, -0.9182429313659668, 0.2751427888870239, -0.8765533566474915, -0.3949061334133148","0.11325232684612274, -0.10093957930803299, 0.48335936665534973",-1
1,170,4,1.0,"-0.8033401370048523, 0.36419010162353516, 0.4711795151233673, -0.5279540419578552, -0.8015919923782349, -0.28056153655052185, 0.2755160331726074, -0.4741474986076355, 0.8362267017364502","-0.1303895115852356, -0.11149301379919052, 0.5269753932952881",-1
1,170,5,1.0,"0.8745681047439575, -0.48321613669395447, 0.04040968045592308, -0.09978469461202621, -0.260897159576416, -0.9601957201957703, 0.47452476620674133, 0.8357242941856384, -0.27638986706733704","0.026120983064174652, -0.08154726028442383, 0.6138815879821777",-1
1,170,7,1.0,"-0.30058878660202026, -0.4524354934692383, -0.8396120667457581, 0.9438767433166504, -0.267480731010437, -0.19378112256526947, -0.13690660893917084, -0.8507387042045593, 0.5074449181556702","-0.17349795997142792, -0.01964864879846573, 0.40085506439208984",-1
1,170,8,1.0,"-0.990231990814209, 0.13550546765327454, -0.03285032510757446, -0.12998421490192413, -0.8119128346443176, 0.5691238641738892, 0.050447799265384674, 0.5678345561027527, 0.8215954303741455","0.13529595732688904, -0.09631616622209549, 0.5216419100761414",-1
1,171,2,1.0,"-0.02782280743122101, -0.9825892448425293, 0.18369640409946442, 0.9765617251396179, -0.06595543026924133, -0.20488372445106506, 0.21343231201171875, 0.17369042336940765, 0.9613940119743347","0.060812924057245255, -0.0639895498752594, 0.3553886413574219",-1
1,171,3,1.0,"-0.9701734185218811, -0.2406952828168869, -0.028800735250115395, -0.06716303527355194, 0.3810513913631439, -0.9221111536026001, 0.23292237520217896, -0.8926733732223511, -0.3858517110347748","0.11234547942876816, -0.100344218313694, 0.4824131727218628",-1
1,171,4,1.0,"-0.8107569813728333, 0.3335152566432953, 0.4810829758644104, -0.5031498670578003, -0.8170636892318726, -0.28150883316993713, 0.29918789863586426, -0.4702920615673065, 0.8302481174468994","-0.13027267158031464, -0.11157120019197464, 0.5300548672676086",-1
1,171,5,1.0,"0.823759138584137, -0.5642333626747131, 0.05533304810523987, -0.11743379384279251, -0.2652984857559204, -0.9569880962371826, 0.5546442866325378, 0.7818297147750854, -0.28480207920074463","0.027370203286409378, -0.08134775608778, 0.6142855286598206",-1
1,171,7,1.0,"0.9403434991836548, -0.22102931141853333, 0.25865042209625244, 0.2528912127017975, -0.05447804555296898, -0.9659595489501953, 0.2275961935520172, 0.97374427318573, 0.004668299574404955","0.20475608110427856, -0.13264651596546173, 0.7738764882087708",-1
1,171,8,1.0,"-0.3025946319103241, -0.453744113445282, -0.8381842374801636, 0.9426919221878052, -0.272204726934433, -0.19296738505363464, -0.14059987664222717, -0.8485404253005981, 0.5101086497306824","-0.17271621525287628, -0.019477970898151398, 0.400431752204895",-1
1,172,2,1.0,"-0.028948837891221046, -0.9705473184585571, 0.2391650676727295, 0.9879719614982605, -0.06414105743169785, -0.14070317149162292, 0.15189938247203827, 0.23221518099308014, 0.960730254650116","0.05916694179177284, -0.06133309379220009, 0.34029683470726013",-1
1,172,3,1.0,"-0.9713126420974731, -0.235919788479805, -0.02989252097904682, -0.06696377694606781, 0.3919571340084076, -0.9175432324409485, 0.22818318009376526, -0.8892195820808411, -0.3965109884738922","0.11258243024349213, -0.09957116842269897, 0.4800539016723633",-1
1,172,4,1.0,"-0.8115850687026978, 0.3828263580799103, 0.4413317143917084, -0.5253313183784485, -0.8087332248687744, -0.26453280448913574, 0.25564950704574585, -0.4465363025665283, 0.857466459274292","-0.12694360315799713, -0.10887636989355087, 0.5152902007102966",-1
1,172,5,1.0,"0.8731118440628052, -0.4854944348335266, 0.044397033751010895, -0.09845130890607834, -0.2647770941257477, -0.9592708349227905, 0.4774758815765381, 0.833179771900177, -0.27897751331329346","0.027297940105199814, -0.08109600841999054, 0.6153905391693115",-1
1,172,7,1.0,"0.9435386061668396, -0.252737432718277, 0.21414652466773987, 0.20331184566020966, -0.06855609267950058, -0.976711094379425, 0.2615324556827545, 0.965103030204773, -0.013300813734531403","0.20718756318092346, -0.1305958777666092, 0.7716980576515198",-1
1,172,8,1.0,"-0.30449649691581726, -0.45113348960876465, -0.8389043807983398, 0.940704882144928, -0.2806800603866577, -0.19050705432891846, -0.14951962232589722, -0.8471701145172119, 0.5098496079444885","-0.17182932794094086, -0.018859226256608963, 0.40000006556510925",-1
1,173,2,1.0,"0.022654475644230843, -0.9805271029472351, 0.19507314264774323, 0.9707776308059692, -0.025053467601537704, -0.23866978287696838, 0.23890940845012665, 0.19477954506874084, 0.9513060450553894","0.061404768377542496, -0.0630594938993454, 0.35165339708328247",-1
1,173,3,1.0,"-0.9681348204612732, -0.24805235862731934, -0.034425124526023865, -0.06905759125947952, 0.39656928181648254, -0.9154037833213806, 0.2407200038433075, -0.8838568925857544, -0.40106239914894104","0.11349658668041229, -0.09924628585577011, 0.48059090971946716",-1
1,173,4,1.0,"-0.8087359666824341, 0.3832572102546692, 0.44616153836250305, -0.5285903811454773, -0.8062703609466553, -0.265556663274765, 0.2579502761363983, -0.4506019353866577, 0.8546459078788757","-0.12715105712413788, -0.10894805192947388, 0.5176756978034973",-1
1,173,5,1.0,"0.4370901584625244, -0.8993882536888123, -0.007286828011274338, -0.24536244571208954, -0.11144047975540161, -0.9630048274993896, 0.8653031587600708, 0.42270785570144653, -0.26938560605049133","0.030816229060292244, -0.08459794521331787, 0.6272581815719604",-1
1,173,7,1.0,"0.6812249422073364, 0.6200950145721436, 0.38912081718444824, 0.2665429711341858, 0.2849588394165039, -0.9207352995872498, -0.681826651096344, 0.7309451699256897, 0.028839122503995895","0.16081291437149048, -0.11338736861944199, 0.637797474861145",-1
1,173,8,1.0,"-0.3032534122467041, -0.4225486218929291, -0.8541020750999451, 0.936954140663147, -0.2955559194087982, -0.18645057082176208, -0.17365042865276337, -0.8567962050437927, 0.48553693294525146","-0.17057454586029053, -0.017993120476603508, 0.3982866704463959",-1
1,174,2,1.0,"-0.018828319385647774, -0.9791573286056519, 0.20222905278205872, 0.9778286218643188, -0.06022508442401886, -0.20055949687957764, 0.20855852961540222, 0.19396917521953583, 0.9585819244384766","0.06015606224536896, -0.06051789969205856, 0.341926634311676",-1
1,174,3,1.0,"-0.972037672996521, -0.2333415448665619, -0.02635427936911583, -0.06935276836156845, 0.39248907566070557, -0.9171382784843445, 0.22435025870800018, -0.8896651864051819, -0.3976970314979553","0.11368979513645172, -0.09976421296596527, 0.4829433262348175",-1
1,174,4,1.0,"-0.807285487651825, 0.382554292678833, 0.44937989115715027, -0.5288196802139282, -0.8069412112236023, -0.26305046677589417, 0.26199206709861755, -0.4499977231025696, 0.8537341952323914","-0.12764129042625427, -0.10884593427181244, 0.518341064453125",-1
1,174,5,1.0,"-0.35570186376571655, -0.9345760941505432, 0.006622949615120888, -0.16819001734256744, 0.057039592415094376, -0.9841030240058899, 0.9193413257598877, -0.3511611819267273, -0.17747542262077332","0.02303394116461277, -0.08539028465747833, 0.6363531947135925",-1
