scene_id,im_id,obj_id,score,R,t,time
1,0,1,1.0,-0.3037944734096527 -0.9408193230628967 0.15022628009319305 0.11041766405105591 0.12184815108776093 0.9863878488540649 -0.9463175535202026 0.3162468373775482 0.06686627119779587,-242.12759733200073 -129.05606627464294 424.79953169822693,-1
1,0,3,1.0,0.9321998953819275 0.3353416919708252 -0.13619562983512878 -0.23210829496383667 0.8425949811935425 0.4859623610973358 0.27772122621536255 -0.42140188813209534 0.8633025884628296,-51.077816635370255 -96.42105549573898 393.775075674057,-1
1,0,6,1.0,-0.9537473320960999 -0.21971090137958527 0.20516589283943176 -0.2058485895395279 -0.020037010312080383 -0.9783786535263062 0.21907132863998413 -0.9753592610359192 -0.026116982102394104,-108.5032969713211 -170.64398527145386 703.7466168403625,-1
1,0,8,1.0,0.3282191753387451 0.36717939376831055 0.8703168034553528 -0.3867243826389313 0.892837405204773 -0.23083673417568207 -0.8618099689483643 -0.26080769300460815 0.4350435733795166,-231.76392912864685 -147.62520790100098 545.6271767616272,-1
1,2,1,1.0,0.63662189245224 -0.7077915668487549 -0.3061757981777191 -0.20093481242656708 0.23106853663921356 -0.951962411403656 0.7445386648178101 0.6675615310668945 0.004883341491222382,-245.0494021177292 -140.37208259105682 447.4112391471863,-1
1,2,3,1.0,0.9373378753662109 0.31634241342544556 -0.14603088796138763 -0.18742066621780396 0.8111038208007812 0.5540614724159241 0.29371941089630127 -0.4919736385345459 0.8195675611495972,-50.22207647562027 -98.02687168121338 393.02170276641846,-1
1,2,6,1.0,-0.9822666645050049 -0.019645042717456818 0.18645721673965454 -0.1874535232782364 0.08348613232374191 -0.9787192344665527 0.0036603957414627075 -0.9963153600692749 -0.08568818867206573,-109.63733494281769 -172.28665947914124 701.3705372810364,-1
1,2,8,1.0,-0.37985149025917053 -0.44026774168014526 0.8135582804679871 0.4090489149093628 -0.8687635660171509 -0.27915725111961365 0.8296938538551331 0.2267468422651291 0.5100922584533691,-213.0911946296692 -109.22408103942871 525.3704786300659,-1
1,4,1,1.0,0.9325732588768005 0.3202500343322754 -0.16657423973083496 -0.1794501096010208 0.8116812705993652 0.5558517575263977 0.3132167458534241 -0.4884807765483856 0.8144211173057556,-51.34245008230209 -100.5374863743782 405.56854009628296,-1
1,4,3,1.0,-0.9824573397636414 -0.17890456318855286 -0.05263877660036087 -0.043848179280757904 0.49595907330513 -0.8672382235527039 0.18125952780246735 -0.8497164249420166 -0.49510321021080017,-270.8006799221039 -138.37647438049316 472.2725450992584,-1
1,4,6,1.0,-0.835206151008606 -0.5110424757003784 0.20314136147499084 -0.115385040640831 -0.1983231008052826 -0.9733213186264038 0.5376960635185242 -0.8363633751869202 0.10667401552200317,-106.88868165016174 -171.04467749595642 703.0035853385925,-1
1,4,8,1.0,-0.38099128007888794 -0.4520014226436615 0.8065609335899353 0.40108856558799744 -0.8667964935302734 -0.29629746079444885 0.8330508470535278 0.2106156051158905 0.5115343928337097,-212.84358203411102 -108.96719247102737 524.350643157959,-1
1,5,1,1.0,0.649524450302124 -0.6108277440071106 -0.4527774751186371 -0.32095757126808167 0.31957218050956726 -0.8915491104125977 0.6892780065536499 0.7244054079055786 0.011520154774188995,-242.72502958774567 -137.8316432237625 436.61198019981384,-1
1,5,3,1.0,0.9447342753410339 0.30052444338798523 -0.1310049593448639 -0.18400444090366364 0.8167985081672668 0.5467932224273682 0.2713293731212616 -0.49246883392333984 0.8269553184509277,-52.084632217884064 -100.38060694932938 403.5637378692627,-1
1,5,6,1.0,0.6784454584121704 -0.6999922394752502 0.2229858785867691 -0.2357850968837738 -0.4949422776699066 -0.8363238573074341 0.6957852840423584 0.5148233771324158 -0.500839114189148,-48.40125888586044 -127.07023322582245 587.0022773742676,-1
1,5,8,1.0,-0.3829371929168701 -0.44757381081581116 0.8081068992614746 0.40034347772598267 -0.8687766790390015 -0.29146549105644226 0.8325167298316956 0.21190734207630157 0.5118702054023743,-212.96977996826172 -109.52553153038025 524.1104960441589,-1
1,6,1,1.0,0.6402493715286255 -0.6541526317596436 -0.40269720554351807 -0.2724841237068176 0.29674121737480164 -0.9152579307556152 0.71821528673172 0.6957220435142517 0.011742182075977325,-243.93124878406525 -138.0210816860199 439.72599506378174,-1
1,6,3,1.0,0.9326630234718323 0.3191804587841034 -0.1681174486875534 -0.1414627730846405 0.7522873878479004 0.6434687972068787 0.33185526728630066 -0.5763571858406067 0.7467827796936035,-49.287304282188416 -98.9113301038742 388.63614201545715,-1
1,6,6,1.0,-0.783360481262207 -0.5789540410041809 0.22618305683135986 -0.20091718435287476 -0.10850079357624054 -0.9735810160636902 0.5881995558738708 -0.808108925819397 -0.03132655471563339,-100.05643963813782 -141.2087231874466 627.4368762969971,-1
1,6,8,1.0,0.32411831617355347 0.3506636619567871 0.878625214099884 -0.41561710834503174 0.8871124982833862 -0.20073291659355164 -0.8498291969299316 -0.30011048913002014 0.43327125906944275,-234.5823496580124 -150.79805254936218 551.5703558921814,-1
1,7,1,1.0,0.9367640614509583 0.3198543190956116 -0.14200803637504578 -0.19794170558452606 0.8188979625701904 0.5387255549430847 0.2886037826538086 -0.4765494167804718 0.8304266929626465,-50.048407167196274 -98.17501902580261 392.8523659706116,-1
1,7,3,1.0,0.7302202582359314 -0.5988835692405701 -0.32881155610084534 -0.23148974776268005 0.23592674732208252 -0.9437962174415588 0.6427993774414062 0.7652955651283264 0.03364310786128044,-255.4529309272766 -144.35094594955444 458.57980847358704,-1
1,7,6,1.0,-0.856829047203064 -0.46720004081726074 0.21810151636600494 -0.17884282767772675 -0.12743964791297913 -0.9755892753601074 0.48359012603759766 -0.8749191761016846 0.025638606399297714,-106.6911593079567 -171.06017470359802 702.9343247413635,-1
1,7,8,1.0,-0.37384817004203796 -0.42847299575805664 0.8225864768028259 0.39862143993377686 -0.8750323057174683 -0.2746261954307556 0.8374596238136292 0.2252320945262909 0.497927725315094,-213.07188272476196 -109.04128849506378 523.1907963752747,-1
1,8,1,1.0,0.93592369556427 0.3224423825740814 -0.1416970193386078 -0.20477688312530518 0.8255072236061096 0.5259320735931396 0.2865546643733978 -0.4632159471511841 0.8386402726173401,-52.643485367298126 -100.21999478340149 407.7358543872833,-1
1,8,3,1.0,-0.9841287136077881 -0.1499888002872467 0.09483750909566879 -0.17602166533470154 0.75725257396698 -0.6289555430412292 0.022520340979099274 -0.6356666088104248 -0.7716352343559265,-256.47369027137756 -139.77667689323425 438.4114146232605,-1
1,8,6,1.0,-0.7762680053710938 -0.5872832536697388 0.22914279997348785 -0.20076705515384674 -0.11424877494573593 -0.972954273223877 0.5975789427757263 -0.8012775778770447 -0.029219478368759155,-100.81607848405838 -140.49853384494781 631.6366195678711,-1
1,8,8,1.0,-0.37394922971725464 -0.43082308769226074 0.8213120102882385 0.3941599130630493 -0.8754309415817261 -0.2797476053237915 0.8395236730575562 0.21911686658859253 0.49717986583709717,-213.31247687339783 -108.70085656642914 523.6766338348389,-1
1,9,1,1.0,0.9353094100952148 0.3322215676307678 -0.12175852060317993 -0.23488056659698486 0.8403205275535583 0.4885616898536682 0.2646269202232361 -0.42835766077041626 0.8639920949935913,-50.388649106025696 -96.69416397809982 392.24210381507874,-1
1,9,3,1.0,0.4607732594013214 -0.8778387308120728 -0.13071808218955994 -0.5946390628814697 -0.1960139125585556 -0.7797326445579529 0.658856987953186 0.4370099902153015 -0.6123151183128357,-200.85586607456207 -105.19272089004517 379.9934387207031,-1
1,9,6,1.0,0.6846189498901367 -0.6862705945968628 0.2456209510564804 -0.23337708413600922 -0.5256141424179077 -0.8180862069129944 0.6905303001403809 0.5027550458908081 -0.5200051665306091,-50.76119303703308 -129.7830045223236 597.12153673172,-1
1,9,8,1.0,-0.3687105178833008 -0.43231505155563354 0.8228950500488281 0.3935387134552002 -0.8746143579483032 -0.283155232667923 0.8421280980110168 0.21943874657154083 0.49261221289634705,-213.06104958057404 -108.66061598062515 522.5217938423157,-1
1,10,1,1.0,-0.9807791709899902 -0.17803210020065308 -0.07985446602106094 -0.023029731586575508 0.5120169520378113 -0.8586665987968445 0.19375701248645782 -0.840323269367218 -0.5062755942344666,-272.3337411880493 -139.63766396045685 474.5067059993744,-1
1,10,3,1.0,0.9381665587425232 0.3132806420326233 -0.14730466902256012 -0.18837572634220123 0.8189789056777954 0.5420223474502563 0.2904444932937622 -0.4807586371898651 0.8273531198501587,-49.30786043405533 -98.26622158288956 392.2884166240692,-1
1,10,6,1.0,0.669590950012207 -0.6957176327705383 0.26004835963249207 -0.2581782341003418 -0.5463131666183472 -0.7967972755432129 0.6964136958122253 0.46638941764831543 -0.5454254150390625,-52.827123552560806 -131.48842751979828 600.418746471405,-1
1,10,8,1.0,-0.3762398064136505 -0.4306762218475342 0.8203424215316772 0.3944988548755646 -0.8755958676338196 -0.2787519693374634 0.838340163230896 0.2187465876340866 0.49933525919914246,-212.99287676811218 -109.22522842884064 523.1369137763977,-1
1,11,1,1.0,0.9404907822608948 0.30953842401504517 -0.14022472500801086 -0.19262605905532837 0.8255572319030762 0.5304247140884399 0.2799503803253174 -0.47184866666793823 0.8360542058944702,-48.96891489624977 -99.11780059337616 392.52549409866333,-1
1,11,3,1.0,-0.984931230545044 -0.15234361588954926 0.08186588436365128 -0.17116333544254303 0.790844738483429 -0.5875949859619141 0.024773135781288147 -0.592752993106842 -0.8050032258033752,-262.827068567276 -144.15501058101654 446.0272490978241,-1
1,11,6,1.0,0.6839513182640076 -0.6900432109832764 0.2367510050535202 -0.24026143550872803 -0.5194817185401917 -0.8200080394744873 0.6888288855552673 0.5039634108543396 -0.5210909247398376,-49.466341733932495 -129.77570295333862 592.1958684921265,-1
1,11,8,1.0,0.36567094922065735 0.4017041027545929 0.839594304561615 -0.4111625850200653 0.8789952397346497 -0.24148057401180267 -0.835003137588501 -0.2569073438644409 0.4865886867046356,-231.24568164348602 -148.86243641376495 540.3236746788025,-1
1,12,1,1.0,0.9405360221862793 0.30441248416900635 -0.1507481038570404 -0.16711290180683136 0.8010027408599854 0.5748633742332458 0.29574525356292725 -0.5154876708984375 0.804243266582489,-47.91150242090225 -99.27678853273392 392.01945066452026,-1
1,12,3,1.0,-0.9692725539207458 -0.06002001464366913 -0.23855425417423248 0.18630628287792206 0.4541250467300415 -0.8712406158447266 0.1606253683567047 -0.8889139294624329 -0.42898887395858765,-273.8833427429199 -134.86625254154205 472.61881828308105,-1
1,12,6,1.0,-0.7771763801574707 -0.5882361531257629 0.2235517054796219 -0.2094217985868454 -0.09322968870401382 -0.9733707904815674 0.5934135317802429 -0.8032974004745483 -0.050733551383018494,-98.7856313586235 -154.1391760110855 661.1965894699097,-1
1,12,8,1.0,-0.3724742829799652 -0.4318443536758423 0.8214460015296936 0.39311277866363525 -0.8752231001853943 -0.28186362981796265 0.840669572353363 0.21793395280838013 0.49576154351234436,-212.89433538913727 -110.49702763557434 524.4054198265076,-1
1,34,1,1.0,0.6152257919311523 -0.7858818769454956 -0.06234315037727356 -0.44959840178489685 -0.284806489944458 -0.8466088175773621 0.6475788354873657 0.5488851070404053 -0.5285516977310181,-177.03348398208618 -98.78671169281006 399.8888432979584,-1
1,34,3,1.0,-0.7362260818481445 -0.6253321766853333 0.2587098777294159 -0.18514133989810944 -0.18158864974975586 -0.9657889604568481 0.650917649269104 -0.758936882019043 0.017915446311235428,-47.19388112425804 -125.21831691265106 622.5206851959229,-1
1,34,6,1.0,0.9356601238250732 0.34457188844680786 -0.07622689008712769 -0.25437405705451965 0.8082254528999329 0.5310986638069153 0.24461010098457336 -0.4775376319885254 0.8438743352890015,-11.327961459755898 -100.4079058766365 453.95639538764954,-1
1,34,8,1.0,0.9875877499580383 -0.1566954106092453 0.01082109659910202 -0.07611651718616486 -0.41719067096710205 0.9056259989738464 -0.13739296793937683 -0.8952087163925171 -0.42393946647644043,-189.4393116235733 -144.5479691028595 629.2324066162109,-1
1,37,1,1.0,0.5499229431152344 -0.8185508251190186 -0.16600967943668365 -0.4311039447784424 -0.10794548690319061 -0.8958219885826111 0.7153558731079102 0.5642005801200867 -0.41224220395088196,-188.02787363529205 -116.61743372678757 430.0956130027771,-1
1,37,3,1.0,0.9451881051063538 0.30161550641059875 -0.12508969008922577 -0.19028493762016296 0.8201112151145935 0.5396381616592407 0.26535069942474365 -0.4862569570541382 0.8325523138046265,-3.5879856441169977 -87.24009245634079 382.18802213668823,-1
1,37,6,1.0,0.5727900862693787 -0.8105491995811462 -0.12215373665094376 0.21951434016227722 0.29525819420814514 -0.9298581480979919 0.7897626757621765 0.5057989954948425 0.3470481336116791,-25.184499099850655 -132.80212879180908 556.8291544914246,-1
1,37,8,1.0,0.9828713536262512 -0.18420468270778656 0.005710451398044825 -0.08366549015045166 -0.4183814525604248 0.9044098258018494 -0.1642073690891266 -0.8893962502479553 -0.42662671208381653,-183.93196165561676 -145.93380689620972 623.2662200927734,-1
1,38,1,1.0,0.6769331097602844 -0.7229389548301697 -0.13827958703041077 -0.4044187366962433 -0.20834802091121674 -0.8905261754989624 0.6149855852127075 0.6587494611740112 -0.43340757489204407,-191.24378263950348 -116.9770210981369 435.99748611450195,-1
1,38,3,1.0,0.9179810285568237 0.3522248864173889 -0.18234209716320038 -0.18451263010501862 0.7862038612365723 0.5897785425186157 0.35109269618988037 -0.5077611207962036 0.7867100238800049,0.6389430491253734 -93.01982074975967 399.83314275741577,-1
1,38,6,1.0,-0.6554186940193176 -0.7060390114784241 0.26820728182792664 -0.18326008319854736 -0.19583660364151 -0.963360607624054 0.7326951026916504 -0.6805562376976013 -0.0010338034480810165,-39.67909887433052 -133.92627239227295 630.08713722229,-1
1,38,8,1.0,0.9839667677879333 -0.17815880477428436 0.008297386579215527 -0.08408758789300919 -0.4223812520503998 0.9025094509124756 -0.15728534758090973 -0.8887370824813843 -0.43059006333351135,-182.92514979839325 -146.82969450950623 624.697208404541,-1
1,40,1,1.0,-0.9873827695846558 -0.150709331035614 0.048601508140563965 -0.13305355608463287 0.6231769919395447 -0.770679771900177 0.08586128056049347 -0.7674224376678467 -0.6353665590286255,-197.14143872261047 -121.63614481687546 408.639132976532,-1
1,40,3,1.0,0.9395124912261963 0.31662309169769287 -0.13063731789588928 -0.2210487723350525 0.8518440127372742 0.47486770153045654 0.2616366744041443 -0.417266845703125 0.870307207107544,0.626038177870214 -87.2468575835228 381.07967376708984,-1
1,40,6,1.0,0.6107844710350037 -0.7837330102920532 -0.1127162054181099 0.1937761902809143 0.2859809100627899 -0.9384377598762512 0.7677193880081177 0.5513415336608887 0.3265414535999298,-20.126823335886 -134.28883254528046 555.4347634315491,-1
1,40,8,1.0,0.982742965221405 -0.18495921790599823 0.0025332248769700527 -0.08043158799409866 -0.41494423151016235 0.906284749507904 -0.16657453775405884 -0.890848696231842 -0.42266011238098145,-179.70991134643555 -149.21849966049194 623.3978271484375,-1
1,42,1,1.0,-0.9948777556419373 -0.08315350115299225 -0.057481084018945694 0.00694368127733469 0.5110722184181213 -0.8595098257064819 0.1008482277393341 -0.8555062413215637 -0.5078768730163574,-210.70131659507751 -126.35102868080139 448.65739345550537,-1
1,42,3,1.0,0.9463922381401062 0.30066096782684326 -0.11808779835700989 -0.20771940052509308 0.8464215397834778 0.4903296232223511 0.24737505614757538 -0.43951499462127686 0.8634998798370361,4.765819758176804 -87.64965087175369 382.71430134773254,-1
1,42,6,1.0,0.6354624032974243 -0.7633294463157654 -0.11625730991363525 0.19328440725803375 0.3030319809913635 -0.9331735372543335 0.7475484609603882 0.5705260634422302 0.3401051163673401,-14.535145834088326 -134.25405323505402 552.9759526252747,-1
1,42,8,1.0,0.3375295400619507 -0.297505646944046 -0.8930644392967224 -0.2916049659252167 -0.9351168274879456 0.20130378007888794 -0.8950086832046509 0.1924760788679123 -0.4023836553096771,-116.70085787773132 -86.02368086576462 427.5703728199005,-1
1,52,1,1.0,-0.9862923622131348 -0.1564471423625946 -0.05245649442076683 -0.0302699226886034 0.4840543866157532 -0.8745140433311462 0.16220705211162567 -0.8609387278556824 -0.4821547269821167,-186.55604124069214 -124.76017326116562 457.19367265701294,-1
1,52,3,1.0,-0.6651495695114136 0.7466982007026672 -0.004228897392749786 0.27445846796035767 0.23920944333076477 -0.9313706755638123 -0.6944413185119629 -0.6206615567207336 -0.36404767632484436,-324.1763412952423 -122.72357195615768 624.1637468338013,-1
1,52,4,1.0,-0.49409326910972595 -0.8185005187988281 0.2931363582611084 -0.2328757643699646 -0.20025113224983215 -0.9516661167144775 0.8376400470733643 -0.5384761691093445 -0.09166617691516876,0.3710452001541853 -112.22855001688004 581.1774134635925,-1
1,52,6,1.0,0.9470294713973999 0.29804882407188416 -0.11959142982959747 -0.19970311224460602 0.8381816148757935 0.5075138807296753 0.25150325894355774 -0.4567478597164154 0.853303849697113,30.745672062039375 -82.92825520038605 375.5088150501251,-1
1,52,8,1.0,-0.13145460188388824 0.9325913786888123 -0.3363187313079834 0.6827699542045593 0.3311675190925598 0.6513439416885376 0.7187497615814209 -0.14406394958496094 -0.6803286075592041,-139.76813852787018 -122.21118807792664 538.9882326126099,-1
1,81,1,1.0,0.04661490023136139 -0.989923894405365 0.13370709121227264 0.9648585915565491 0.009968388825654984 -0.2625803053379059 0.25860169529914856 0.14124858379364014 0.9556014537811279,-155.8123230934143 -90.11955559253693 347.45311737060547,-1
1,81,2,1.0,-0.9737277626991272 -0.21127359569072723 -0.08495695143938065 -0.018353872001171112 0.44468632340431213 -0.8954983353614807 0.22697430849075317 -0.870412290096283 -0.4368811249732971,-113.87467384338379 -131.56960904598236 468.8013195991516,-1
1,81,3,1.0,-0.935103714466095 -0.30128151178359985 -0.1865757554769516 0.1810438185930252 -0.858755350112915 0.47933533787727356 -0.30463775992393494 0.4144498407840729 0.8575705289840698,118.61307919025421 -58.61426517367363 351.0845899581909,-1
1,81,4,1.0,-0.7498888969421387 0.6613755226135254 0.01578175649046898 0.23591816425323486 0.28962618112564087 -0.9276094436645508 -0.618069052696228 -0.6918808221817017 -0.37321794033050537,-240.77342450618744 -127.36871838569641 621.4355230331421,-1
1,81,6,1.0,0.7360342741012573 -0.6381098628044128 0.22598515450954437 -0.219961017370224 -0.5411579012870789 -0.8116434216499329 0.6402114033699036 0.5476894974708557 -0.5386701226234436,119.82516199350357 -116.97346717119217 578.5784721374512,-1
1,81,8,1.0,0.09482145309448242 0.22228647768497467 -0.9703595638275146 -0.8966284394264221 0.4425697922706604 0.013765698298811913 0.43251174688339233 0.8687466979026794 0.24127349257469177,-53.159069269895554 -136.7536336183548 537.1134877204895,-1
1,114,1,1.0,0.9931249022483826 0.022043175995349884 -0.11496468633413315 -0.112246572971344 -0.09937573224306107 -0.9886987805366516 -0.033218760043382645 0.9948058128356934 -0.09621826559305191,-7.430865429341793 -114.09085243940353 461.96091175079346,-1
1,114,2,1.0,0.0699448212981224 -0.9864119291305542 0.14865799248218536 0.9479364156723022 0.019311174750328064 -0.3178737461566925 0.3106836974620819 0.16315194964408875 0.9364064931869507,-70.68876177072525 -80.96407353878021 359.53211784362793,-1
1,114,3,1.0,-0.8108809590339661 0.3828253746032715 0.4426249563694 -0.5392321944236755 -0.7826471328735352 -0.31095385551452637 0.22737808525562286 -0.4908241927623749 0.8410654067993164,-258.0849230289459 -131.6009908914566 525.6097912788391,-1
1,114,4,1.0,0.676537036895752 -0.6925297975540161 0.25040051341056824 -0.24964295327663422 -0.5355756878852844 -0.8067448735237122 0.692803144454956 0.48328208923339844 -0.5352218151092529,216.20382368564606 -101.20953619480133 595.081627368927,-1
1,114,5,1.0,-0.16505631804466248 0.46187880635261536 -0.8714497089385986 0.7866422533988953 0.5946282744407654 0.16616669297218323 0.5949373841285706 -0.6580922603607178 -0.4614805281162262,28.48515473306179 -113.72127383947372 561.4240169525146,-1
1,114,6,1.0,-0.9583702683448792 -0.23405885696411133 -0.1635328233242035 0.13424193859100342 -0.8748475909233093 0.4654253125190735 -0.2520032227039337 0.42409682273864746 0.8698484301567078,207.90252089500427 -46.23563215136528 370.3646659851074,-1
1,114,8,1.0,-0.860062837600708 -0.5090518593788147 -0.0340309776365757 -0.12218466401100159 0.2702789604663849 -0.9549975991249084 0.49534112215042114 -0.8171999454498291 -0.2946552038192749,-130.47124445438385 -108.35083574056625 588.4279012680054,-1
1,141,1,1.0,0.9111530780792236 0.40502217411994934 -0.07587479799985886 0.05231982469558716 -0.2963515818119049 -0.9536447525024414 -0.4087328314781189 0.8649466037750244 -0.29121240973472595,58.77292528748512 -105.61719536781311 436.1761808395386,-1
1,141,2,1.0,-0.7065403461456299 0.5716609954833984 0.41713857650756836 -0.677705705165863 -0.7162928581237793 -0.16625112295150757 0.20375411212444305 -0.4001602530479431 0.8935076594352722,-185.48917770385742 -137.08852231502533 521.0954546928406,-1
1,141,3,1.0,-0.00510643795132637 -0.9923246502876282 0.12355519831180573 0.9741977453231812 -0.03281615301966667 -0.22329774498939514 0.22563844919204712 0.11922694742679596 0.9668879508972168,-0.17306480731349438 -81.74744248390198 353.7762761116028,-1
1,141,4,1.0,-0.7716195583343506 -0.3983505368232727 -0.49590328335762024 0.0543721541762352 -0.8180716633796692 0.5725404024124146 -0.6337562203407288 0.41482001543045044 0.6528993844985962,273.2459604740143 -44.57736760377884 374.6214509010315,-1
1,141,5,1.0,0.054805878549814224 0.6591960787773132 -0.749971330165863 0.9350966811180115 0.22949303686618805 0.27004992961883545 0.35012903809547424 -0.7160961031913757 -0.6038345098495483,124.66035038232803 -140.31881093978882 725.0111699104309,-1
1,141,6,1.0,-0.05439465492963791 -0.881305992603302 0.46940499544143677 0.17691273987293243 -0.4711698293685913 -0.8641186952590942 0.9827224612236023 0.0360402874648571 0.18154335021972656,215.38718044757843 -65.89249521493912 440.1967525482178,-1
1,141,7,1.0,-0.8779082298278809 0.47661465406417847 0.045995552092790604 -0.06642306596040726 -0.216349795460701 0.974053680896759 0.47419947385787964 0.8520746827125549 0.2215934693813324,-51.98773741722107 -133.546382188797 720.7531929016113,-1
1,141,8,1.0,-0.39986076951026917 0.19651994109153748 0.8952603936195374 0.8366124629974365 0.4772531986236572 0.2689034938812256 -0.37442100048065186 0.8565099239349365 -0.35524582862854004,-270.8609402179718 -41.58665984869003 558.3617687225342,-1
1,164,2,1.0,0.8247528076171875 0.5651470422744751 -0.019790831953287125 0.11116823554039001 -0.19635026156902313 -0.9742116332054138 -0.554458737373352 0.801283597946167 -0.2247668206691742,106.00154846906662 -87.65988051891327 432.46516585350037,-1
1,164,3,1.0,0.006927387788891792 -0.9810936450958252 0.19340971112251282 0.9768818616867065 -0.034687746316194534 -0.21094682812690735 0.21366752684116364 0.19039976596832275 0.9581722021102905,53.39300259947777 -65.77009707689285 352.4886965751648,-1
1,164,4,1.0,-0.7986081838607788 0.375713586807251 0.4701748788356781 -0.5421635508537292 -0.7882865071296692 -0.29096877574920654 0.2613115906715393 -0.4872816801071167 0.833230197429657,-134.17504727840424 -114.27021771669388 524.9099731445312,-1
1,164,5,1.0,0.7008359432220459 0.7121388912200928 0.04107767716050148 0.19840115308761597 -0.13929057121276855 -0.9701727628707886 -0.685175895690918 0.6880818605422974 -0.23890899121761322,-0.15038414858281612 -84.02752131223679 608.996570110321,-1
1,164,7,1.0,0.026165004819631577 -0.45359155535697937 -0.8908255696296692 0.9434431791305542 0.30582427978515625 -0.12800946831703186 0.330500066280365 -0.8370938897132874 0.4359397292137146,168.4289127588272 -97.53837436437607 624.3648529052734,-1
1,164,8,1.0,0.09610383212566376 0.9908485412597656 -0.09477995336055756 0.9953323006629944 -0.09481976181268692 0.017970189452171326 0.00881873071193695 -0.09606459736824036 -0.9953361749649048,-159.53128039836884 -19.625578075647354 402.5607109069824,-1
1,166,2,1.0,-0.9588988423347473 -0.2820904850959778 -0.030623847618699074 -0.08568240702152252 0.39075231552124023 -0.9164994359016418 0.27050212025642395 -0.8762065172195435 -0.39886218309402466,108.74200612306595 -101.10832005739212 478.27085852622986,-1
1,166,3,1.0,0.07563304156064987 -0.9834731221199036 0.16450031101703644 0.9747641682624817 0.03817358613014221 -0.2199491709470749 0.21003448963165283 0.17698444426059723 0.9615415334701538,56.925754994153976 -68.06652247905731 363.02295327186584,-1
1,166,4,1.0,-0.7998279333114624 0.3809729516506195 0.4638262987136841 -0.5441671013832092 -0.7863397002220154 -0.29249271750450134 0.2532932758331299 -0.4863428771495819 0.8362494111061096,-132.8052133321762 -114.5864799618721 527.0919799804688,-1
1,166,5,1.0,-0.7027262449264526 0.7114464044570923 -0.004463906399905682 0.2905130684375763 0.2812136709690094 -0.9146151542663574 -0.6494443416595459 -0.6440209746360779 -0.404300719499588,-10.505196638405323 -91.53588116168976 636.9853019714355,-1
1,166,7,1.0,-0.05649819225072861 -0.45859748125076294 -0.8868463635444641 0.9597846865653992 0.21971045434474945 -0.17475944757461548 0.2749936282634735 -0.8610550761222839 0.4277415871620178,-196.7572122812271 -20.266037434339523 463.08034658432007,-1
1,166,8,1.0,0.05434609204530716 -0.3541320860385895 -0.93361496925354 0.8255980610847473 0.5418407917022705 -0.1574687659740448 0.561635434627533 -0.7622329592704773 0.3218177258968353,146.39981091022491 -99.12342578172684 563.5914206504822,-1
1,167,2,1.0,-0.9612101316452026 -0.2736549377441406 -0.03446635603904724 -0.0749116912484169 0.37928158044815063 -0.9222438335418701 0.26544901728630066 -0.883888304233551 -0.3850693106651306,109.15394872426987 -100.41847079992294 478.6628782749176,-1
1,167,3,1.0,-0.810588538646698 0.3638959527015686 0.45883122086524963 -0.5240006446838379 -0.8005266785621643 -0.290827214717865 0.26147574186325073 -0.47616904973983765 0.8395794034004211,-131.0628056526184 -112.74776607751846 523.4847664833069,-1
1,167,4,1.0,-0.04115824028849602 -0.9825816750526428 0.1812163144350052 0.9923536777496338 -0.061322614550590515 -0.10711473971605301 0.11636164784431458 0.1754220426082611 0.9775925278663635,57.47772008180618 -66.64562225341797 363.0402386188507,-1
1,167,5,1.0,-0.7030909657478333 0.7107871174812317 -0.02108878269791603 0.3718026280403137 0.3421735465526581 -0.862948477268219 -0.606156587600708 -0.6145721077919006 -0.5048516988754272,-9.698612615466118 -91.79916232824326 633.8629722595215,-1
1,167,7,1.0,-0.18974824249744415 0.4503127634525299 0.8724758625030518 0.9806022644042969 0.042441561818122864 0.19135835766792297 0.04914187639951706 0.891861617565155 -0.44963088631629944,-142.00608432292938 -11.427454650402069 430.4979741573334,-1
1,167,8,1.0,-0.3565441370010376 -0.8831114172935486 -0.3049435019493103 -0.9163649082183838 0.2669466733932495 0.2983531951904297 -0.18207548558712006 0.3858156204223633 -0.9044305086135864,157.15685486793518 -94.01016682386398 582.9343795776367,-1
1,168,2,1.0,-0.8908696174621582 -0.45415255427360535 0.009839765727519989 -0.1895124465227127 0.35188883543014526 -0.9166566133499146 0.412839412689209 -0.8184863924980164 -0.399554580450058,111.0127717256546 -99.85969215631485 475.31551122665405,-1
1,168,3,1.0,-0.812766432762146 0.3516693413257599 0.4644775092601776 -0.5145730972290039 -0.8071699142456055 -0.2892945408821106 0.27317625284194946 -0.4741365313529968 0.8370001912117004,-130.46139478683472 -110.9187975525856 523.2096910476685,-1
1,168,4,1.0,-0.12657305598258972 -0.9833657741546631 0.13027320802211761 0.9896110892295837 -0.13420730829238892 -0.05155906081199646 0.06818506121635437 0.12239383161067963 0.9901366233825684,60.12321263551712 -69.14529204368591 371.50657176971436,-1
1,168,5,1.0,-0.6831585168838501 0.7300024032592773 -0.019775059074163437 0.39190006256103516 0.3436337113380432 -0.8534227609634399 -0.6162052154541016 -0.5907729268074036 -0.5208442211151123,-9.063650853931904 -91.36500954627991 634.4444751739502,-1
1,168,7,1.0,-0.20081444084644318 0.43893134593963623 0.8757926821708679 0.9793621301651001 0.06907746195793152 0.18994197249412537 0.022873960435390472 0.8958613276481628 -0.4437445104122162,-141.23548567295074 -10.777502320706844 432.03261494636536,-1
1,168,8,1.0,0.8233403563499451 0.5244759321212769 0.216877281665802 0.03586704656481743 0.33328303694725037 -0.9421443343162537 -0.5664135217666626 0.7834842801094055 0.2555939257144928,171.89182341098785 -114.51639235019684 637.7290487289429,-1
1,169,2,1.0,-0.8934634923934937 -0.449038028717041 0.009376060217618942 -0.1711900383234024 0.32117339968681335 -0.9314191937446594 0.41523122787475586 -0.8337941765785217 -0.36382752656936646,111.78885400295258 -99.9319776892662 476.7565727233887,-1
1,169,3,1.0,-0.7929360270500183 0.3771980106830597 0.4785124361515045 -0.550474226474762 -0.7801582217216492 -0.29720598459243774 0.2612098455429077 -0.4990740418434143 0.8262532949447632,-131.77017867565155 -112.72548884153366 529.1417837142944,-1
1,169,4,1.0,-0.059350162744522095 -0.9796041250228882 0.19197317957878113 0.9895197153091431 -0.08309400826692581 -0.11809490621089935 0.1316380500793457 0.18295228481292725 0.9742690324783325,59.89914387464523 -66.97995215654373 369.59314346313477,-1
1,169,5,1.0,-0.6872714757919312 0.7262895107269287 -0.01270508486777544 0.3425372838973999 0.30861249566078186 -0.8873707056045532 -0.6405669450759888 -0.6142165064811707 -0.4608817994594574,-8.994770236313343 -90.753935277462 636.3514065742493,-1
1,169,7,1.0,-0.13536661863327026 0.46547436714172363 0.8746482729911804 0.9836757779121399 -0.04250117018818855 0.174858957529068 0.11856591701507568 0.8840404152870178 -0.45212259888648987,-139.4946128129959 -10.319465771317482 431.8138062953949,-1
1,169,8,1.0,-0.4870928227901459 -0.4963792562484741 -0.718573808670044 0.831268846988678 -0.5158267021179199 -0.20715957880020142 -0.2678298056125641 -0.6982338428497314 0.6638799905776978,208.0409824848175 -115.35762995481491 694.0213441848755,-1
1,170,2,1.0,-0.9029332399368286 -0.42977941036224365 -0.001200367696583271 -0.15306808054447174 0.32419154047966003 -0.933525562286377 0.4015991687774658 -0.842727541923523 -0.358508825302124,113.00737410783768 -100.5830466747284 480.4017245769501,-1
1,170,3,1.0,-0.8106784224510193 0.3642972409725189 0.4583534896373749 -0.5226364731788635 -0.8031373620033264 -0.286044180393219 0.26391568779945374 -0.4714421331882477 0.8414812684059143,-129.9012303352356 -110.41131615638733 522.6698517799377,-1
1,170,4,1.0,-0.07232994586229324 -0.9896795749664307 0.12370478361845016 0.9455322623252869 -0.028571149334311485 0.32427215576171875 -0.31739115715026855 0.14042147994041443 0.937840461730957,64.35035169124603 -76.1626735329628 394.38000321388245,-1
1,170,5,1.0,-0.042693473398685455 0.9860055446624756 -0.1611538976430893 0.9960660338401794 0.0294699314981699 -0.08357249200344086 -0.07765372097492218 -0.16408789157867432 -0.9833846092224121,-173.6035943031311 -16.781998798251152 447.2418427467346,-1
1,170,7,1.0,0.6756653785705566 0.7355443239212036 0.04950842261314392 0.19688677787780762 -0.11532570421695709 -0.9736198782920837 -0.7104309797286987 0.6675887703895569 -0.22274047136306763,2.68016429618001 -82.32669532299042 613.7229204177856,-1
1,170,8,1.0,0.7524803280830383 -0.6062572002410889 0.25734370946884155 0.18538960814476013 -0.17996273934841156 -0.9660456776618958 0.631984293460846 0.7746391296386719 -0.023024629801511765,190.04668295383453 -114.49748277664185 691.338300704956,-1
1,171,2,1.0,-0.887351393699646 -0.46085885167121887 0.014722260646522045 -0.17747634649276733 0.3119007647037506 -0.9333916306495667 0.42556989192962646 -0.8308591842651367 -0.3585570752620697,113.11320960521698 -99.70098733901978 478.83152961730957,-1
1,171,3,1.0,-0.8104631304740906 0.3646424114704132 0.4584600031375885 -0.5227090120315552 -0.8034623265266418 -0.2849973738193512 0.26443323493003845 -0.4706209897994995 0.8417784571647644,-129.39171493053436 -110.22792756557465 522.5655436515808,-1
1,171,4,1.0,-0.10975870490074158 -0.9849100708961487 0.13381026685237885 0.9415941834449768 -0.05991053953766823 0.33137720823287964 -0.3183601498603821 0.16236652433872223 0.9339614510536194,64.61852788925171 -75.16809552907944 390.10998606681824,-1
1,171,5,1.0,0.5879876017570496 0.7935526371002197 -0.15666823089122772 0.7955106496810913 -0.6023823618888855 -0.06556335091590881 -0.14640215039253235 -0.08608081936836243 -0.9854728579521179,-138.3974254131317 -21.402504295110703 383.2889199256897,-1
1,171,7,1.0,0.6926307082176208 0.7196017503738403 0.049358200281858444 0.205216184258461 -0.1309974640607834 -0.9699103236198425 -0.6914832592010498 0.681918740272522 -0.23840674757957458,3.0937823466956615 -82.20748603343964 612.701416015625,-1
1,171,8,1.0,0.7331055998802185 -0.622464656829834 0.2740328907966614 0.20663763582706451 -0.18001694977283478 -0.9617144465446472 0.64796382188797 0.7616638541221619 -0.0033467935863882303,191.9345259666443 -114.63594436645508 695.9581971168518,-1
1,172,2,1.0,0.9990918040275574 0.013144493103027344 -0.04053211212158203 -0.03390830010175705 -0.3307923674583435 -0.9430943131446838 -0.025804191827774048 0.9436120390892029 -0.33004623651504517,119.63611096143723 -83.38714390993118 433.57983231544495,-1
1,172,3,1.0,-0.8135403990745544 0.35628652572631836 0.45957791805267334 -0.5146923661231995 -0.8089959025382996 -0.28393158316612244 0.2706356942653656 -0.46753108501434326 0.8415288329124451,-128.7490874528885 -109.64624583721161 522.5069522857666,-1
1,172,4,1.0,-0.048171889036893845 -0.9834848046302795 0.17446234822273254 0.9933478832244873 -0.06546042859554291 -0.09473608434200287 0.10459187626838684 0.16873818635940552 0.9800960421562195,62.720686197280884 -65.95461815595627 367.32375621795654,-1
1,172,5,1.0,-0.0732882097363472 0.9563716650009155 -0.2828112244606018 0.994117259979248 0.047379206866025925 -0.09739695489406586 -0.07974832504987717 -0.2882855534553528 -0.9542178511619568,-166.83164238929749 -16.83115027844906 432.64323472976685,-1
1,172,7,1.0,0.9098387360572815 -0.38052958250045776 0.1655021458864212 0.032472163438797 -0.3323235511779785 -0.9426062703132629 0.41368982195854187 0.8629938960075378 -0.2900041937828064,170.35578191280365 -99.72652047872543 622.5521564483643,-1
1,172,8,1.0,0.6847476959228516 0.7269795536994934 0.05120076984167099 0.1909530758857727 -0.11117150634527206 -0.9752835035324097 -0.7033190727233887 0.6776000261306763 -0.21494339406490326,3.8753030821681023 -81.66200667619705 613.024115562439,-1
1,173,2,1.0,-0.8606278300285339 -0.5091958045959473 -0.006286840885877609 -0.16011472046375275 0.2822994887828827 -0.9458701610565186 0.4834078550338745 -0.8130354881286621 -0.3244844675064087,115.92240631580353 -99.22138601541519 480.76364398002625,-1
1,173,3,1.0,-0.8118078112602234 0.35495197772979736 0.4636562764644623 -0.5170941352844238 -0.8058621883392334 -0.2884436547756195 0.2712594270706177 -0.4739147126674652 0.8377488255500793,-128.49391996860504 -109.22195762395859 522.9615569114685,-1
1,173,4,1.0,-0.06385521590709686 -0.9778032302856445 0.19955840706825256 0.9915603995323181 -0.08477257192134857 -0.09808951616287231 0.11282932758331299 0.1916106790304184 0.9749639630317688,62.09763512015343 -64.66599553823471 360.7567846775055,-1
1,173,5,1.0,0.6079860329627991 0.7850959897041321 -0.1182267814874649 0.7801598906517029 -0.6183977723121643 -0.09452365338802338 -0.14732128381729126 -0.03476671874523163 -0.9884774088859558,-136.086568236351 -20.984115079045296 379.3666362762451,-1
1,173,7,1.0,0.7082225680351257 0.704165518283844 0.050711169838905334 0.17724129557609558 -0.1078132763504982 -0.9782442450523376 -0.6833785772323608 0.7018029093742371 -0.20116303861141205,4.398132208734751 -80.94558864831924 609.56871509552,-1
1,173,8,1.0,0.9189900755882263 -0.3657664656639099 0.14721441268920898 0.010069761425256729 -0.351479709148407 -0.936141312122345 0.3941520154476166 0.8617870807647705 -0.31932318210601807,171.24129831790924 -98.96352142095566 623.44890832901,-1
1,174,2,1.0,-0.8732956647872925 -0.48719075322151184 -0.0001412034034729004 -0.15971210598945618 0.2865597605705261 -0.9446563720703125 0.46026819944381714 -0.8249416947364807 -0.32806161046028137,116.2656843662262 -99.63931143283844 483.4282696247101,-1
1,174,3,1.0,-0.8127814531326294 0.36175593733787537 0.4566386342048645 -0.5171330571174622 -0.8089499473571777 -0.27959463000297546 0.2682528495788574 -0.46339234709739685 0.8445756435394287,-128.55111062526703 -108.72013121843338 521.6243267059326,-1
1,174,4,1.0,-0.17239490151405334 -0.9556232690811157 0.2388812154531479 0.9813361763954163 -0.18759864568710327 -0.04226486384868622 0.08520306646823883 0.2271365374326706 0.97012859582901,62.45477497577667 -66.41338765621185 365.59373140335083,-1
1,174,5,1.0,0.6966550350189209 0.7154250741004944 0.05327975004911423 0.18909414112567902 -0.11147654801607132 -0.9756106734275818 -0.6920368671417236 0.6897391080856323 -0.2129434049129486,3.7388529162853956 -80.60137182474136 610.9182238578796,-1
1,174,7,1.0,-0.037289660423994064 0.9755450487136841 -0.21661362051963806 0.979415237903595 -0.007353523746132851 -0.20172218978405 -0.1983819603919983 -0.21967682242393494 -0.9551894068717957,-164.78091478347778 -15.844432637095451 428.1628727912903,-1
1,174,8,1.0,-0.2581784129142761 -0.6671108603477478 -0.6987897753715515 0.9437417984008789 -0.3288542926311493 -0.0347336120903492 -0.20662882924079895 -0.6684445738792419 0.7144833207130432,184.69348549842834 -99.31635856628418 636.5235447883606,-1
1,175,2,1.0,-0.8705541491508484 -0.492037832736969 -0.005870594643056393 -0.15660227835178375 0.2883443832397461 -0.9446340203285217 0.46648839116096497 -0.8214356899261475 -0.3280735909938812,116.44062399864197 -99.22261536121368 483.3664894104004,-1
1,175,3,1.0,-0.8154790997505188 0.3490859270095825 0.46166297793388367 -0.5094395279884338 -0.8114968538284302 -0.2862590253353119 0.2747090458869934 -0.4686276614665985 0.8395970463752747,-129.26596403121948 -108.44723880290985 524.0920186042786,-1
1,175,4,1.0,-0.034099265933036804 -0.9794403314590454 0.198831707239151 0.9884227514266968 -0.06248028203845024 -0.13826368749141693 0.1478440761566162 0.1918150931596756 0.9702315330505371,62.12588772177696 -63.384048640728 354.2316257953644,-1
1,175,5,1.0,0.7066050171852112 0.705854594707489 0.04978629946708679 0.18444044888019562 -0.1157960593700409 -0.9759985208511353 -0.6831479668617249 0.6988280415534973 -0.2120102047920227,3.6090819630771875 -80.15316724777222 610.9330058097839,-1
1,175,7,1.0,0.47678008675575256 0.8688037991523743 -0.13364474475383759 0.8680498600006104 -0.48930272459983826 -0.08409719169139862 -0.13845667243003845 -0.0759143978357315 -0.9874546527862549,-145.69124579429626 -18.773898482322693 399.9870717525482,-1
1,175,8,1.0,-0.0902143120765686 -0.28849607706069946 -0.9532217383384705 0.9765006899833679 0.16247598826885223 -0.14159142971038818 0.19572415947914124 -0.9435951113700867 0.2670589089393616,176.0348081588745 -102.43535041809082 628.5898089408875,-1
1,176,2,1.0,-0.8927608728408813 -0.4504319131374359 0.009435725398361683 -0.1817007064819336 0.34081000089645386 -0.9224063158035278 0.41226547956466675 -0.8252028226852417 -0.38610565662384033,115.87399244308472 -98.64680469036102 483.4336042404175,-1
1,176,3,1.0,-0.7979042530059814 0.37875667214393616 0.4689267575740814 -0.5446777939796448 -0.786274254322052 -0.29171741008758545 0.258215069770813 -0.48817646503448486 0.8336718082427979,-130.7647079229355 -109.66552793979645 529.3744802474976,-1
1,176,4,1.0,-0.05151350051164627 -0.9804918169975281 0.1896904557943344 0.986274778842926 -0.079784095287323 -0.14455755054950714 0.1568717658519745 0.17964023351669312 0.9711440205574036,63.62154334783554 -63.81765753030777 360.85420846939087,-1
