scene_id,im_id,obj_id,score,R,t
1,0,1,1.0,"-0.3037944734096527, -0.9408193230628967, 0.15022628009319305, 0.11041766405105591, 0.12184815108776093, 0.9863878488540649, -0.9463175535202026, 0.3162468373775482, 0.06686627119779587","-0.24212759733200073, -0.12905606627464294, 0.42479953169822693",-1
1,0,3,1.0,"0.9321998953819275, 0.3353416919708252, -0.13619562983512878, -0.23210829496383667, 0.8425949811935425, 0.4859623610973358, 0.27772122621536255, -0.42140188813209534, 0.8633025884628296","-0.051077816635370255, -0.09642105549573898, 0.393775075674057",-1
1,0,6,1.0,"-0.9537473320960999, -0.21971090137958527, 0.20516589283943176, -0.2058485895395279, -0.020037010312080383, -0.9783786535263062, 0.21907132863998413, -0.9753592610359192, -0.026116982102394104","-0.1085032969713211, -0.17064398527145386, 0.7037466168403625",-1
1,0,8,1.0,"0.3282191753387451, 0.36717939376831055, 0.8703168034553528, -0.3867243826389313, 0.892837405204773, -0.23083673417568207, -0.8618099689483643, -0.26080769300460815, 0.4350435733795166","-0.23176392912864685, -0.14762520790100098, 0.5456271767616272",-1
1,2,1,1.0,"0.63662189245224, -0.7077915668487549, -0.3061757981777191, -0.20093481242656708, 0.23106853663921356, -0.951962411403656, 0.7445386648178101, 0.6675615310668945, 0.004883341491222382","-0.2450494021177292, -0.14037208259105682, 0.4474112391471863",-1
1,2,3,1.0,"0.9373378753662109, 0.31634241342544556, -0.14603088796138763, -0.18742066621780396, 0.8111038208007812, 0.5540614724159241, 0.29371941089630127, -0.4919736385345459, 0.8195675611495972","-0.05022207647562027, -0.09802687168121338, 0.39302170276641846",-1
1,2,6,1.0,"-0.9822666645050049, -0.019645042717456818, 0.18645721673965454, -0.1874535232782364, 0.08348613232374191, -0.9787192344665527, 0.0036603957414627075, -0.9963153600692749, -0.08568818867206573","-0.10963733494281769, -0.17228665947914124, 0.7013705372810364",-1
1,2,8,1.0,"-0.37985149025917053, -0.44026774168014526, 0.8135582804679871, 0.4090489149093628, -0.8687635660171509, -0.27915725111961365, 0.8296938538551331, 0.2267468422651291, 0.5100922584533691","-0.2130911946296692, -0.10922408103942871, 0.5253704786300659",-1
1,4,1,1.0,"0.9325732588768005, 0.3202500343322754, -0.16657423973083496, -0.1794501096010208, 0.8116812705993652, 0.5558517575263977, 0.3132167458534241, -0.4884807765483856, 0.8144211173057556","-0.051342450082302094, -0.1005374863743782, 0.40556854009628296",-1
1,4,3,1.0,"-0.9824573397636414, -0.17890456318855286, -0.05263877660036087, -0.043848179280757904, 0.49595907330513, -0.8672382235527039, 0.18125952780246735, -0.8497164249420166, -0.49510321021080017","-0.2708006799221039, -0.13837647438049316, 0.4722725450992584",-1
1,4,6,1.0,"-0.835206151008606, -0.5110424757003784, 0.20314136147499084, -0.115385040640831, -0.1983231008052826, -0.9733213186264038, 0.5376960635185242, -0.8363633751869202, 0.10667401552200317","-0.10688868165016174, -0.17104467749595642, 0.7030035853385925",-1
1,4,8,1.0,"-0.38099128007888794, -0.4520014226436615, 0.8065609335899353, 0.40108856558799744, -0.8667964935302734, -0.29629746079444885, 0.8330508470535278, 0.2106156051158905, 0.5115343928337097","-0.21284358203411102, -0.10896719247102737, 0.524350643157959",-1
1,5,1,1.0,"0.649524450302124, -0.6108277440071106, -0.4527774751186371, -0.32095757126808167, 0.31957218050956726, -0.8915491104125977, 0.6892780065536499, 0.7244054079055786, 0.011520154774188995","-0.24272502958774567, -0.1378316432237625, 0.43661198019981384",-1
1,5,3,1.0,"0.9447342753410339, 0.30052444338798523, -0.1310049593448639, -0.18400444090366364, 0.8167985081672668, 0.5467932224273682, 0.2713293731212616, -0.49246883392333984, 0.8269553184509277","-0.052084632217884064, -0.10038060694932938, 0.4035637378692627",-1
1,5,6,1.0,"0.6784454584121704, -0.6999922394752502, 0.2229858785867691, -0.2357850968837738, -0.4949422776699066, -0.8363238573074341, 0.6957852840423584, 0.5148233771324158, -0.500839114189148","-0.04840125888586044, -0.12707023322582245, 0.5870022773742676",-1
1,5,8,1.0,"-0.3829371929168701, -0.44757381081581116, 0.8081068992614746, 0.40034347772598267, -0.8687766790390015, -0.29146549105644226, 0.8325167298316956, 0.21190734207630157, 0.5118702054023743","-0.21296977996826172, -0.10952553153038025, 0.5241104960441589",-1
1,6,1,1.0,"0.6402493715286255, -0.6541526317596436, -0.40269720554351807, -0.2724841237068176, 0.29674121737480164, -0.9152579307556152, 0.71821528673172, 0.6957220435142517, 0.011742182075977325","-0.24393124878406525, -0.1380210816860199, 0.43972599506378174",-1
1,6,3,1.0,"0.9326630234718323, 0.3191804587841034, -0.1681174486875534, -0.1414627730846405, 0.7522873878479004, 0.6434687972068787, 0.33185526728630066, -0.5763571858406067, 0.7467827796936035","-0.049287304282188416, -0.0989113301038742, 0.38863614201545715",-1
1,6,6,1.0,"-0.783360481262207, -0.5789540410041809, 0.22618305683135986, -0.20091718435287476, -0.10850079357624054, -0.9735810160636902, 0.5881995558738708, -0.808108925819397, -0.03132655471563339","-0.10005643963813782, -0.1412087231874466, 0.6274368762969971",-1
1,6,8,1.0,"0.32411831617355347, 0.3506636619567871, 0.878625214099884, -0.41561710834503174, 0.8871124982833862, -0.20073291659355164, -0.8498291969299316, -0.30011048913002014, 0.43327125906944275","-0.2345823496580124, -0.15079805254936218, 0.5515703558921814",-1
1,7,1,1.0,"0.9367640614509583, 0.3198543190956116, -0.14200803637504578, -0.19794170558452606, 0.8188979625701904, 0.5387255549430847, 0.2886037826538086, -0.4765494167804718, 0.8304266929626465","-0.050048407167196274, -0.09817501902580261, 0.3928523659706116",-1
1,7,3,1.0,"0.7302202582359314, -0.5988835692405701, -0.32881155610084534, -0.23148974776268005, 0.23592674732208252, -0.9437962174415588, 0.6427993774414062, 0.7652955651283264, 0.03364310786128044","-0.2554529309272766, -0.14435094594955444, 0.45857980847358704",-1
1,7,6,1.0,"-0.856829047203064, -0.46720004081726074, 0.21810151636600494, -0.17884282767772675, -0.12743964791297913, -0.9755892753601074, 0.48359012603759766, -0.8749191761016846, 0.025638606399297714","-0.1066911593079567, -0.17106017470359802, 0.7029343247413635",-1
1,7,8,1.0,"-0.37384817004203796, -0.42847299575805664, 0.8225864768028259, 0.39862143993377686, -0.8750323057174683, -0.2746261954307556, 0.8374596238136292, 0.2252320945262909, 0.497927725315094","-0.21307188272476196, -0.10904128849506378, 0.5231907963752747",-1
1,8,1,1.0,"0.93592369556427, 0.3224423825740814, -0.1416970193386078, -0.20477688312530518, 0.8255072236061096, 0.5259320735931396, 0.2865546643733978, -0.4632159471511841, 0.8386402726173401","-0.052643485367298126, -0.10021999478340149, 0.4077358543872833",-1
1,8,3,1.0,"-0.9841287136077881, -0.1499888002872467, 0.09483750909566879, -0.17602166533470154, 0.75725257396698, -0.6289555430412292, 0.022520340979099274, -0.6356666088104248, -0.7716352343559265","-0.25647369027137756, -0.13977667689323425, 0.4384114146232605",-1
1,8,6,1.0,"-0.7762680053710938, -0.5872832536697388, 0.22914279997348785, -0.20076705515384674, -0.11424877494573593, -0.972954273223877, 0.5975789427757263, -0.8012775778770447, -0.029219478368759155","-0.10081607848405838, -0.14049853384494781, 0.6316366195678711",-1
1,8,8,1.0,"-0.37394922971725464, -0.43082308769226074, 0.8213120102882385, 0.3941599130630493, -0.8754309415817261, -0.2797476053237915, 0.8395236730575562, 0.21911686658859253, 0.49717986583709717","-0.21331247687339783, -0.10870085656642914, 0.5236766338348389",-1
1,9,1,1.0,"0.9353094100952148, 0.3322215676307678, -0.12175852060317993, -0.23488056659698486, 0.8403205275535583, 0.4885616898536682, 0.2646269202232361, -0.42835766077041626, 0.8639920949935913","-0.050388649106025696, -0.09669416397809982, 0.39224210381507874",-1
1,9,3,1.0,"0.4607732594013214, -0.8778387308120728, -0.13071808218955994, -0.5946390628814697, -0.1960139125585556, -0.7797326445579529, 0.658856987953186, 0.4370099902153015, -0.6123151183128357","-0.20085586607456207, -0.10519272089004517, 0.3799934387207031",-1
1,9,6,1.0,"0.6846189498901367, -0.6862705945968628, 0.2456209510564804, -0.23337708413600922, -0.5256141424179077, -0.8180862069129944, 0.6905303001403809, 0.5027550458908081, -0.5200051665306091","-0.05076119303703308, -0.1297830045223236, 0.59712153673172",-1
1,9,8,1.0,"-0.3687105178833008, -0.43231505155563354, 0.8228950500488281, 0.3935387134552002, -0.8746143579483032, -0.283155232667923, 0.8421280980110168, 0.21943874657154083, 0.49261221289634705","-0.21306104958057404, -0.10866061598062515, 0.5225217938423157",-1
1,10,1,1.0,"-0.9807791709899902, -0.17803210020065308, -0.07985446602106094, -0.023029731586575508, 0.5120169520378113, -0.8586665987968445, 0.19375701248645782, -0.840323269367218, -0.5062755942344666","-0.2723337411880493, -0.13963766396045685, 0.4745067059993744",-1
1,10,3,1.0,"0.9381665587425232, 0.3132806420326233, -0.14730466902256012, -0.18837572634220123, 0.8189789056777954, 0.5420223474502563, 0.2904444932937622, -0.4807586371898651, 0.8273531198501587","-0.04930786043405533, -0.09826622158288956, 0.3922884166240692",-1
1,10,6,1.0,"0.669590950012207, -0.6957176327705383, 0.26004835963249207, -0.2581782341003418, -0.5463131666183472, -0.7967972755432129, 0.6964136958122253, 0.46638941764831543, -0.5454254150390625","-0.052827123552560806, -0.13148842751979828, 0.600418746471405",-1
1,10,8,1.0,"-0.3762398064136505, -0.4306762218475342, 0.8203424215316772, 0.3944988548755646, -0.8755958676338196, -0.2787519693374634, 0.838340163230896, 0.2187465876340866, 0.49933525919914246","-0.21299287676811218, -0.10922522842884064, 0.5231369137763977",-1
1,11,1,1.0,"0.9404907822608948, 0.30953842401504517, -0.14022472500801086, -0.19262605905532837, 0.8255572319030762, 0.5304247140884399, 0.2799503803253174, -0.47184866666793823, 0.8360542058944702","-0.04896891489624977, -0.09911780059337616, 0.39252549409866333",-1
1,11,3,1.0,"-0.984931230545044, -0.15234361588954926, 0.08186588436365128, -0.17116333544254303, 0.790844738483429, -0.5875949859619141, 0.024773135781288147, -0.592752993106842, -0.8050032258033752","-0.262827068567276, -0.14415501058101654, 0.4460272490978241",-1
1,11,6,1.0,"0.6839513182640076, -0.6900432109832764, 0.2367510050535202, -0.24026143550872803, -0.5194817185401917, -0.8200080394744873, 0.6888288855552673, 0.5039634108543396, -0.5210909247398376","-0.049466341733932495, -0.12977570295333862, 0.5921958684921265",-1
1,11,8,1.0,"0.36567094922065735, 0.4017041027545929, 0.839594304561615, -0.4111625850200653, 0.8789952397346497, -0.24148057401180267, -0.835003137588501, -0.2569073438644409, 0.4865886867046356","-0.23124568164348602, -0.14886243641376495, 0.5403236746788025",-1
1,12,1,1.0,"0.9405360221862793, 0.30441248416900635, -0.1507481038570404, -0.16711290180683136, 0.8010027408599854, 0.5748633742332458, 0.29574525356292725, -0.5154876708984375, 0.804243266582489","-0.04791150242090225, -0.09927678853273392, 0.39201945066452026",-1
1,12,3,1.0,"-0.9692725539207458, -0.06002001464366913, -0.23855425417423248, 0.18630628287792206, 0.4541250467300415, -0.8712406158447266, 0.1606253683567047, -0.8889139294624329, -0.42898887395858765","-0.2738833427429199, -0.13486625254154205, 0.47261881828308105",-1
1,12,6,1.0,"-0.7771763801574707, -0.5882361531257629, 0.2235517054796219, -0.2094217985868454, -0.09322968870401382, -0.9733707904815674, 0.5934135317802429, -0.8032974004745483, -0.050733551383018494","-0.0987856313586235, -0.1541391760110855, 0.6611965894699097",-1
1,12,8,1.0,"-0.3724742829799652, -0.4318443536758423, 0.8214460015296936, 0.39311277866363525, -0.8752231001853943, -0.28186362981796265, 0.840669572353363, 0.21793395280838013, 0.49576154351234436","-0.21289433538913727, -0.11049702763557434, 0.5244054198265076",-1
1,34,1,1.0,"0.6152257919311523, -0.7858818769454956, -0.06234315037727356, -0.44959840178489685, -0.284806489944458, -0.8466088175773621, 0.6475788354873657, 0.5488851070404053, -0.5285516977310181","-0.17703348398208618, -0.09878671169281006, 0.3998888432979584",-1
1,34,3,1.0,"-0.7362260818481445, -0.6253321766853333, 0.2587098777294159, -0.18514133989810944, -0.18158864974975586, -0.9657889604568481, 0.650917649269104, -0.758936882019043, 0.017915446311235428","-0.04719388112425804, -0.12521831691265106, 0.6225206851959229",-1
1,34,6,1.0,"0.9356601238250732, 0.34457188844680786, -0.07622689008712769, -0.25437405705451965, 0.8082254528999329, 0.5310986638069153, 0.24461010098457336, -0.4775376319885254, 0.8438743352890015","-0.011327961459755898, -0.1004079058766365, 0.45395639538764954",-1
1,34,8,1.0,"0.9875877499580383, -0.1566954106092453, 0.01082109659910202, -0.07611651718616486, -0.41719067096710205, 0.9056259989738464, -0.13739296793937683, -0.8952087163925171, -0.42393946647644043","-0.1894393116235733, -0.1445479691028595, 0.6292324066162109",-1
1,37,1,1.0,"0.5499229431152344, -0.8185508251190186, -0.16600967943668365, -0.4311039447784424, -0.10794548690319061, -0.8958219885826111, 0.7153558731079102, 0.5642005801200867, -0.41224220395088196","-0.18802787363529205, -0.11661743372678757, 0.4300956130027771",-1
1,37,3,1.0,"0.9451881051063538, 0.30161550641059875, -0.12508969008922577, -0.19028493762016296, 0.8201112151145935, 0.5396381616592407, 0.26535069942474365, -0.4862569570541382, 0.8325523138046265","-0.0035879856441169977, -0.08724009245634079, 0.38218802213668823",-1
1,37,6,1.0,"0.5727900862693787, -0.8105491995811462, -0.12215373665094376, 0.21951434016227722, 0.29525819420814514, -0.9298581480979919, 0.7897626757621765, 0.5057989954948425, 0.3470481336116791","-0.025184499099850655, -0.13280212879180908, 0.5568291544914246",-1
1,37,8,1.0,"0.9828713536262512, -0.18420468270778656, 0.005710451398044825, -0.08366549015045166, -0.4183814525604248, 0.9044098258018494, -0.1642073690891266, -0.8893962502479553, -0.42662671208381653","-0.18393196165561676, -0.14593380689620972, 0.6232662200927734",-1
1,38,1,1.0,"0.6769331097602844, -0.7229389548301697, -0.13827958703041077, -0.4044187366962433, -0.20834802091121674, -0.8905261754989624, 0.6149855852127075, 0.6587494611740112, -0.43340757489204407","-0.19124378263950348, -0.1169770210981369, 0.43599748611450195",-1
1,38,3,1.0,"0.9179810285568237, 0.3522248864173889, -0.18234209716320038, -0.18451263010501862, 0.7862038612365723, 0.5897785425186157, 0.35109269618988037, -0.5077611207962036, 0.7867100238800049","0.0006389430491253734, -0.09301982074975967, 0.39983314275741577",-1
1,38,6,1.0,"-0.6554186940193176, -0.7060390114784241, 0.26820728182792664, -0.18326008319854736, -0.19583660364151, -0.963360607624054, 0.7326951026916504, -0.6805562376976013, -0.0010338034480810165","-0.03967909887433052, -0.13392627239227295, 0.63008713722229",-1
1,38,8,1.0,"0.9839667677879333, -0.17815880477428436, 0.008297386579215527, -0.08408758789300919, -0.4223812520503998, 0.9025094509124756, -0.15728534758090973, -0.8887370824813843, -0.43059006333351135","-0.18292514979839325, -0.14682969450950623, 0.624697208404541",-1
1,40,1,1.0,"-0.9873827695846558, -0.150709331035614, 0.048601508140563965, -0.13305355608463287, 0.6231769919395447, -0.770679771900177, 0.08586128056049347, -0.7674224376678467, -0.6353665590286255","-0.19714143872261047, -0.12163614481687546, 0.408639132976532",-1
1,40,3,1.0,"0.9395124912261963, 0.31662309169769287, -0.13063731789588928, -0.2210487723350525, 0.8518440127372742, 0.47486770153045654, 0.2616366744041443, -0.417266845703125, 0.870307207107544","0.000626038177870214, -0.0872468575835228, 0.38107967376708984",-1
1,40,6,1.0,"0.6107844710350037, -0.7837330102920532, -0.1127162054181099, 0.1937761902809143, 0.2859809100627899, -0.9384377598762512, 0.7677193880081177, 0.5513415336608887, 0.3265414535999298","-0.020126823335886, -0.13428883254528046, 0.5554347634315491",-1
1,40,8,1.0,"0.982742965221405, -0.18495921790599823, 0.0025332248769700527, -0.08043158799409866, -0.41494423151016235, 0.906284749507904, -0.16657453775405884, -0.890848696231842, -0.42266011238098145","-0.17970991134643555, -0.14921849966049194, 0.6233978271484375",-1
1,42,1,1.0,"-0.9948777556419373, -0.08315350115299225, -0.057481084018945694, 0.00694368127733469, 0.5110722184181213, -0.8595098257064819, 0.1008482277393341, -0.8555062413215637, -0.5078768730163574","-0.21070131659507751, -0.1263510286808014, 0.44865739345550537",-1
1,42,3,1.0,"0.9463922381401062, 0.30066096782684326, -0.11808779835700989, -0.20771940052509308, 0.8464215397834778, 0.4903296232223511, 0.24737505614757538, -0.43951499462127686, 0.8634998798370361","0.004765819758176804, -0.08764965087175369, 0.38271430134773254",-1
1,42,6,1.0,"0.6354624032974243, -0.7633294463157654, -0.11625730991363525, 0.19328440725803375, 0.3030319809913635, -0.9331735372543335, 0.7475484609603882, 0.5705260634422302, 0.3401051163673401","-0.014535145834088326, -0.13425405323505402, 0.5529759526252747",-1
1,42,8,1.0,"0.3375295400619507, -0.297505646944046, -0.8930644392967224, -0.2916049659252167, -0.9351168274879456, 0.20130378007888794, -0.8950086832046509, 0.1924760788679123, -0.4023836553096771","-0.11670085787773132, -0.08602368086576462, 0.4275703728199005",-1
1,52,1,1.0,"-0.9862923622131348, -0.1564471423625946, -0.05245649442076683, -0.0302699226886034, 0.4840543866157532, -0.8745140433311462, 0.16220705211162567, -0.8609387278556824, -0.4821547269821167","-0.18655604124069214, -0.12476017326116562, 0.45719367265701294",-1
1,52,3,1.0,"-0.6651495695114136, 0.7466982007026672, -0.004228897392749786, 0.27445846796035767, 0.23920944333076477, -0.9313706755638123, -0.6944413185119629, -0.6206615567207336, -0.36404767632484436","-0.3241763412952423, -0.12272357195615768, 0.6241637468338013",-1
1,52,4,1.0,"-0.49409326910972595, -0.8185005187988281, 0.2931363582611084, -0.2328757643699646, -0.20025113224983215, -0.9516661167144775, 0.8376400470733643, -0.5384761691093445, -0.09166617691516876","0.0003710452001541853, -0.11222855001688004, 0.5811774134635925",-1
1,52,6,1.0,"0.9470294713973999, 0.29804882407188416, -0.11959142982959747, -0.19970311224460602, 0.8381816148757935, 0.5075138807296753, 0.25150325894355774, -0.4567478597164154, 0.853303849697113","0.030745672062039375, -0.08292825520038605, 0.3755088150501251",-1
1,52,8,1.0,"-0.13145460188388824, 0.9325913786888123, -0.3363187313079834, 0.6827699542045593, 0.3311675190925598, 0.6513439416885376, 0.7187497615814209, -0.14406394958496094, -0.6803286075592041","-0.13976813852787018, -0.12221118807792664, 0.5389882326126099",-1
1,81,1,1.0,"0.04661490023136139, -0.989923894405365, 0.13370709121227264, 0.9648585915565491, 0.009968388825654984, -0.2625803053379059, 0.25860169529914856, 0.14124858379364014, 0.9556014537811279","-0.1558123230934143, -0.09011955559253693, 0.34745311737060547",-1
1,81,2,1.0,"-0.9737277626991272, -0.21127359569072723, -0.08495695143938065, -0.018353872001171112, 0.44468632340431213, -0.8954983353614807, 0.22697430849075317, -0.870412290096283, -0.4368811249732971","-0.11387467384338379, -0.13156960904598236, 0.4688013195991516",-1
1,81,3,1.0,"-0.935103714466095, -0.30128151178359985, -0.1865757554769516, 0.1810438185930252, -0.858755350112915, 0.47933533787727356, -0.30463775992393494, 0.4144498407840729, 0.8575705289840698","0.11861307919025421, -0.05861426517367363, 0.3510845899581909",-1
1,81,4,1.0,"-0.7498888969421387, 0.6613755226135254, 0.01578175649046898, 0.23591816425323486, 0.28962618112564087, -0.9276094436645508, -0.618069052696228, -0.6918808221817017, -0.37321794033050537","-0.24077342450618744, -0.1273687183856964, 0.6214355230331421",-1
1,81,6,1.0,"0.7360342741012573, -0.6381098628044128, 0.22598515450954437, -0.219961017370224, -0.5411579012870789, -0.8116434216499329, 0.6402114033699036, 0.5476894974708557, -0.5386701226234436","0.11982516199350357, -0.11697346717119217, 0.5785784721374512",-1
1,81,8,1.0,"0.09482145309448242, 0.22228647768497467, -0.9703595638275146, -0.8966284394264221, 0.4425697922706604, 0.013765698298811913, 0.43251174688339233, 0.8687466979026794, 0.24127349257469177","-0.053159069269895554, -0.1367536336183548, 0.5371134877204895",-1
1,114,1,1.0,"0.9931249022483826, 0.022043175995349884, -0.11496468633413315, -0.112246572971344, -0.09937573224306107, -0.9886987805366516, -0.033218760043382645, 0.9948058128356934, -0.09621826559305191","-0.007430865429341793, -0.11409085243940353, 0.46196091175079346",-1
1,114,2,1.0,"0.0699448212981224, -0.9864119291305542, 0.14865799248218536, 0.9479364156723022, 0.019311174750328064, -0.3178737461566925, 0.3106836974620819, 0.16315194964408875, 0.9364064931869507","-0.07068876177072525, -0.08096407353878021, 0.35953211784362793",-1
1,114,3,1.0,"-0.8108809590339661, 0.3828253746032715, 0.4426249563694, -0.5392321944236755, -0.7826471328735352, -0.31095385551452637, 0.22737808525562286, -0.4908241927623749, 0.8410654067993164","-0.2580849230289459, -0.1316009908914566, 0.5256097912788391",-1
1,114,4,1.0,"0.676537036895752, -0.6925297975540161, 0.25040051341056824, -0.24964295327663422, -0.5355756878852844, -0.8067448735237122, 0.692803144454956, 0.48328208923339844, -0.5352218151092529","0.21620382368564606, -0.10120953619480133, 0.595081627368927",-1
1,114,5,1.0,"-0.16505631804466248, 0.46187880635261536, -0.8714497089385986, 0.7866422533988953, 0.5946282744407654, 0.16616669297218323, 0.5949373841285706, -0.6580922603607178, -0.4614805281162262","0.02848515473306179, -0.11372127383947372, 0.5614240169525146",-1
1,114,6,1.0,"-0.9583702683448792, -0.23405885696411133, -0.1635328233242035, 0.13424193859100342, -0.8748475909233093, 0.4654253125190735, -0.2520032227039337, 0.42409682273864746, 0.8698484301567078","0.20790252089500427, -0.04623563215136528, 0.3703646659851074",-1
1,114,8,1.0,"-0.860062837600708, -0.5090518593788147, -0.0340309776365757, -0.12218466401100159, 0.2702789604663849, -0.9549975991249084, 0.49534112215042114, -0.8171999454498291, -0.2946552038192749","-0.13047124445438385, -0.10835083574056625, 0.5884279012680054",-1
1,141,1,1.0,"0.9111530780792236, 0.40502217411994934, -0.07587479799985886, 0.05231982469558716, -0.2963515818119049, -0.9536447525024414, -0.4087328314781189, 0.8649466037750244, -0.29121240973472595","0.05877292528748512, -0.10561719536781311, 0.4361761808395386",-1
1,141,2,1.0,"-0.7065403461456299, 0.5716609954833984, 0.41713857650756836, -0.677705705165863, -0.7162928581237793, -0.16625112295150757, 0.20375411212444305, -0.4001602530479431, 0.8935076594352722","-0.18548917770385742, -0.13708852231502533, 0.5210954546928406",-1
1,141,3,1.0,"-0.00510643795132637, -0.9923246502876282, 0.12355519831180573, 0.9741977453231812, -0.03281615301966667, -0.22329774498939514, 0.22563844919204712, 0.11922694742679596, 0.9668879508972168","-0.00017306480731349438, -0.08174744248390198, 0.3537762761116028",-1
1,141,4,1.0,"-0.7716195583343506, -0.3983505368232727, -0.49590328335762024, 0.0543721541762352, -0.8180716633796692, 0.5725404024124146, -0.6337562203407288, 0.41482001543045044, 0.6528993844985962","0.2732459604740143, -0.04457736760377884, 0.3746214509010315",-1
1,141,5,1.0,"0.054805878549814224, 0.6591960787773132, -0.749971330165863, 0.9350966811180115, 0.22949303686618805, 0.27004992961883545, 0.35012903809547424, -0.7160961031913757, -0.6038345098495483","0.12466035038232803, -0.14031881093978882, 0.7250111699104309",-1
1,141,6,1.0,"-0.05439465492963791, -0.881305992603302, 0.46940499544143677, 0.17691273987293243, -0.4711698293685913, -0.8641186952590942, 0.9827224612236023, 0.0360402874648571, 0.18154335021972656","0.21538718044757843, -0.06589249521493912, 0.4401967525482178",-1
1,141,7,1.0,"-0.8779082298278809, 0.47661465406417847, 0.045995552092790604, -0.06642306596040726, -0.216349795460701, 0.974053680896759, 0.47419947385787964, 0.8520746827125549, 0.2215934693813324","-0.05198773741722107, -0.133546382188797, 0.7207531929016113",-1
1,141,8,1.0,"-0.39986076951026917, 0.19651994109153748, 0.8952603936195374, 0.8366124629974365, 0.4772531986236572, 0.2689034938812256, -0.37442100048065186, 0.8565099239349365, -0.35524582862854004","-0.2708609402179718, -0.04158665984869003, 0.5583617687225342",-1
1,164,2,1.0,"0.8247528076171875, 0.5651470422744751, -0.019790831953287125, 0.11116823554039001, -0.19635026156902313, -0.9742116332054138, -0.554458737373352, 0.801283597946167, -0.2247668206691742","0.10600154846906662, -0.08765988051891327, 0.43246516585350037",-1
1,164,3,1.0,"0.006927387788891792, -0.9810936450958252, 0.19340971112251282, 0.9768818616867065, -0.034687746316194534, -0.21094682812690735, 0.21366752684116364, 0.19039976596832275, 0.9581722021102905","0.05339300259947777, -0.06577009707689285, 0.3524886965751648",-1
1,164,4,1.0,"-0.7986081838607788, 0.375713586807251, 0.4701748788356781, -0.5421635508537292, -0.7882865071296692, -0.29096877574920654, 0.2613115906715393, -0.4872816801071167, 0.833230197429657","-0.13417504727840424, -0.11427021771669388, 0.5249099731445312",-1
1,164,5,1.0,"0.7008359432220459, 0.7121388912200928, 0.04107767716050148, 0.19840115308761597, -0.13929057121276855, -0.9701727628707886, -0.685175895690918, 0.6880818605422974, -0.23890899121761322","-0.00015038414858281612, -0.08402752131223679, 0.608996570110321",-1
1,164,7,1.0,"0.026165004819631577, -0.45359155535697937, -0.8908255696296692, 0.9434431791305542, 0.30582427978515625, -0.12800946831703186, 0.330500066280365, -0.8370938897132874, 0.4359397292137146","0.1684289127588272, -0.09753837436437607, 0.6243648529052734",-1
1,164,8,1.0,"0.09610383212566376, 0.9908485412597656, -0.09477995336055756, 0.9953323006629944, -0.09481976181268692, 0.017970189452171326, 0.00881873071193695, -0.09606459736824036, -0.9953361749649048","-0.15953128039836884, -0.019625578075647354, 0.4025607109069824",-1
1,166,2,1.0,"-0.9588988423347473, -0.2820904850959778, -0.030623847618699074, -0.08568240702152252, 0.39075231552124023, -0.9164994359016418, 0.27050212025642395, -0.8762065172195435, -0.39886218309402466","0.10874200612306595, -0.10110832005739212, 0.47827085852622986",-1
1,166,3,1.0,"0.07563304156064987, -0.9834731221199036, 0.16450031101703644, 0.9747641682624817, 0.03817358613014221, -0.2199491709470749, 0.21003448963165283, 0.17698444426059723, 0.9615415334701538","0.056925754994153976, -0.06806652247905731, 0.36302295327186584",-1
1,166,4,1.0,"-0.7998279333114624, 0.3809729516506195, 0.4638262987136841, -0.5441671013832092, -0.7863397002220154, -0.29249271750450134, 0.2532932758331299, -0.4863428771495819, 0.8362494111061096","-0.1328052133321762, -0.1145864799618721, 0.5270919799804688",-1
1,166,5,1.0,"-0.7027262449264526, 0.7114464044570923, -0.004463906399905682, 0.2905130684375763, 0.2812136709690094, -0.9146151542663574, -0.6494443416595459, -0.6440209746360779, -0.404300719499588","-0.010505196638405323, -0.09153588116168976, 0.6369853019714355",-1
1,166,7,1.0,"-0.05649819225072861, -0.45859748125076294, -0.8868463635444641, 0.9597846865653992, 0.21971045434474945, -0.17475944757461548, 0.2749936282634735, -0.8610550761222839, 0.4277415871620178","-0.1967572122812271, -0.020266037434339523, 0.46308034658432007",-1
1,166,8,1.0,"0.05434609204530716, -0.3541320860385895, -0.93361496925354, 0.8255980610847473, 0.5418407917022705, -0.1574687659740448, 0.561635434627533, -0.7622329592704773, 0.3218177258968353","0.14639981091022491, -0.09912342578172684, 0.5635914206504822",-1
1,167,2,1.0,"-0.9612101316452026, -0.2736549377441406, -0.03446635603904724, -0.0749116912484169, 0.37928158044815063, -0.9222438335418701, 0.26544901728630066, -0.883888304233551, -0.3850693106651306","0.10915394872426987, -0.10041847079992294, 0.4786628782749176",-1
1,167,3,1.0,"-0.810588538646698, 0.3638959527015686, 0.45883122086524963, -0.5240006446838379, -0.8005266785621643, -0.290827214717865, 0.26147574186325073, -0.47616904973983765, 0.8395794034004211","-0.1310628056526184, -0.11274776607751846, 0.5234847664833069",-1
1,167,4,1.0,"-0.04115824028849602, -0.9825816750526428, 0.1812163144350052, 0.9923536777496338, -0.061322614550590515, -0.10711473971605301, 0.11636164784431458, 0.1754220426082611, 0.9775925278663635","0.05747772008180618, -0.06664562225341797, 0.3630402386188507",-1
1,167,5,1.0,"-0.7030909657478333, 0.7107871174812317, -0.02108878269791603, 0.3718026280403137, 0.3421735465526581, -0.862948477268219, -0.606156587600708, -0.6145721077919006, -0.5048516988754272","-0.009698612615466118, -0.09179916232824326, 0.6338629722595215",-1
1,167,7,1.0,"-0.18974824249744415, 0.4503127634525299, 0.8724758625030518, 0.9806022644042969, 0.042441561818122864, 0.19135835766792297, 0.04914187639951706, 0.891861617565155, -0.44963088631629944","-0.14200608432292938, -0.011427454650402069, 0.4304979741573334",-1
1,167,8,1.0,"-0.3565441370010376, -0.8831114172935486, -0.3049435019493103, -0.9163649082183838, 0.2669466733932495, 0.2983531951904297, -0.18207548558712006, 0.3858156204223633, -0.9044305086135864","0.15715685486793518, -0.09401016682386398, 0.5829343795776367",-1
1,168,2,1.0,"-0.8908696174621582, -0.45415255427360535, 0.009839765727519989, -0.1895124465227127, 0.35188883543014526, -0.9166566133499146, 0.412839412689209, -0.8184863924980164, -0.399554580450058","0.1110127717256546, -0.09985969215631485, 0.47531551122665405",-1
1,168,3,1.0,"-0.812766432762146, 0.3516693413257599, 0.4644775092601776, -0.5145730972290039, -0.8071699142456055, -0.2892945408821106, 0.27317625284194946, -0.4741365313529968, 0.8370001912117004","-0.13046139478683472, -0.1109187975525856, 0.5232096910476685",-1
1,168,4,1.0,"-0.12657305598258972, -0.9833657741546631, 0.13027320802211761, 0.9896110892295837, -0.13420730829238892, -0.05155906081199646, 0.06818506121635437, 0.12239383161067963, 0.9901366233825684","0.06012321263551712, -0.06914529204368591, 0.37150657176971436",-1
1,168,5,1.0,"-0.6831585168838501, 0.7300024032592773, -0.019775059074163437, 0.39190006256103516, 0.3436337113380432, -0.8534227609634399, -0.6162052154541016, -0.5907729268074036, -0.5208442211151123","-0.009063650853931904, -0.09136500954627991, 0.6344444751739502",-1
1,168,7,1.0,"-0.20081444084644318, 0.43893134593963623, 0.8757926821708679, 0.9793621301651001, 0.06907746195793152, 0.18994197249412537, 0.022873960435390472, 0.8958613276481628, -0.4437445104122162","-0.14123548567295074, -0.010777502320706844, 0.43203261494636536",-1
1,168,8,1.0,"0.8233403563499451, 0.5244759321212769, 0.216877281665802, 0.03586704656481743, 0.33328303694725037, -0.9421443343162537, -0.5664135217666626, 0.7834842801094055, 0.2555939257144928","0.17189182341098785, -0.11451639235019684, 0.6377290487289429",-1
1,169,2,1.0,"-0.8934634923934937, -0.449038028717041, 0.009376060217618942, -0.1711900383234024, 0.32117339968681335, -0.9314191937446594, 0.41523122787475586, -0.8337941765785217, -0.36382752656936646","0.11178885400295258, -0.0999319776892662, 0.47675657272338867",-1
1,169,3,1.0,"-0.7929360270500183, 0.3771980106830597, 0.4785124361515045, -0.550474226474762, -0.7801582217216492, -0.29720598459243774, 0.2612098455429077, -0.4990740418434143, 0.8262532949447632","-0.13177017867565155, -0.11272548884153366, 0.5291417837142944",-1
1,169,4,1.0,"-0.059350162744522095, -0.9796041250228882, 0.19197317957878113, 0.9895197153091431, -0.08309400826692581, -0.11809490621089935, 0.1316380500793457, 0.18295228481292725, 0.9742690324783325","0.05989914387464523, -0.06697995215654373, 0.36959314346313477",-1
1,169,5,1.0,"-0.6872714757919312, 0.7262895107269287, -0.01270508486777544, 0.3425372838973999, 0.30861249566078186, -0.8873707056045532, -0.6405669450759888, -0.6142165064811707, -0.4608817994594574","-0.008994770236313343, -0.090753935277462, 0.6363514065742493",-1
1,169,7,1.0,"-0.13536661863327026, 0.46547436714172363, 0.8746482729911804, 0.9836757779121399, -0.04250117018818855, 0.174858957529068, 0.11856591701507568, 0.8840404152870178, -0.45212259888648987","-0.1394946128129959, -0.010319465771317482, 0.4318138062953949",-1
1,169,8,1.0,"-0.4870928227901459, -0.4963792562484741, -0.718573808670044, 0.831268846988678, -0.5158267021179199, -0.20715957880020142, -0.2678298056125641, -0.6982338428497314, 0.6638799905776978","0.2080409824848175, -0.11535762995481491, 0.6940213441848755",-1
1,170,2,1.0,"-0.9029332399368286, -0.42977941036224365, -0.001200367696583271, -0.15306808054447174, 0.32419154047966003, -0.933525562286377, 0.4015991687774658, -0.842727541923523, -0.358508825302124","0.11300737410783768, -0.1005830466747284, 0.4804017245769501",-1
1,170,3,1.0,"-0.8106784224510193, 0.3642972409725189, 0.4583534896373749, -0.5226364731788635, -0.8031373620033264, -0.286044180393219, 0.26391568779945374, -0.4714421331882477, 0.8414812684059143","-0.1299012303352356, -0.11041131615638733, 0.5226698517799377",-1
1,170,4,1.0,"-0.07232994586229324, -0.9896795749664307, 0.12370478361845016, 0.9455322623252869, -0.028571149334311485, 0.32427215576171875, -0.31739115715026855, 0.14042147994041443, 0.937840461730957","0.06435035169124603, -0.0761626735329628, 0.39438000321388245",-1
1,170,5,1.0,"-0.042693473398685455, 0.9860055446624756, -0.1611538976430893, 0.9960660338401794, 0.0294699314981699, -0.08357249200344086, -0.07765372097492218, -0.16408789157867432, -0.9833846092224121","-0.1736035943031311, -0.016781998798251152, 0.4472418427467346",-1
1,170,7,1.0,"0.6756653785705566, 0.7355443239212036, 0.04950842261314392, 0.19688677787780762, -0.11532570421695709, -0.9736198782920837, -0.7104309797286987, 0.6675887703895569, -0.22274047136306763","0.00268016429618001, -0.08232669532299042, 0.6137229204177856",-1
1,170,8,1.0,"0.7524803280830383, -0.6062572002410889, 0.25734370946884155, 0.18538960814476013, -0.17996273934841156, -0.9660456776618958, 0.631984293460846, 0.7746391296386719, -0.023024629801511765","0.19004668295383453, -0.11449748277664185, 0.691338300704956",-1
1,171,2,1.0,"-0.887351393699646, -0.46085885167121887, 0.014722260646522045, -0.17747634649276733, 0.3119007647037506, -0.9333916306495667, 0.42556989192962646, -0.8308591842651367, -0.3585570752620697","0.11311320960521698, -0.09970098733901978, 0.47883152961730957",-1
1,171,3,1.0,"-0.8104631304740906, 0.3646424114704132, 0.4584600031375885, -0.5227090120315552, -0.8034623265266418, -0.2849973738193512, 0.26443323493003845, -0.4706209897994995, 0.8417784571647644","-0.12939171493053436, -0.11022792756557465, 0.5225655436515808",-1
1,171,4,1.0,"-0.10975870490074158, -0.9849100708961487, 0.13381026685237885, 0.9415941834449768, -0.05991053953766823, 0.33137720823287964, -0.3183601498603821, 0.16236652433872223, 0.9339614510536194","0.06461852788925171, -0.07516809552907944, 0.39010998606681824",-1
1,171,5,1.0,"0.5879876017570496, 0.7935526371002197, -0.15666823089122772, 0.7955106496810913, -0.6023823618888855, -0.06556335091590881, -0.14640215039253235, -0.08608081936836243, -0.9854728579521179","-0.1383974254131317, -0.021402504295110703, 0.3832889199256897",-1
1,171,7,1.0,"0.6926307082176208, 0.7196017503738403, 0.049358200281858444, 0.205216184258461, -0.1309974640607834, -0.9699103236198425, -0.6914832592010498, 0.681918740272522, -0.23840674757957458","0.0030937823466956615, -0.08220748603343964, 0.612701416015625",-1
1,171,8,1.0,"0.7331055998802185, -0.622464656829834, 0.2740328907966614, 0.20663763582706451, -0.18001694977283478, -0.9617144465446472, 0.64796382188797, 0.7616638541221619, -0.0033467935863882303","0.1919345259666443, -0.11463594436645508, 0.6959581971168518",-1
1,172,2,1.0,"0.9990918040275574, 0.013144493103027344, -0.04053211212158203, -0.03390830010175705, -0.3307923674583435, -0.9430943131446838, -0.025804191827774048, 0.9436120390892029, -0.33004623651504517","0.11963611096143723, -0.08338714390993118, 0.43357983231544495",-1
1,172,3,1.0,"-0.8135403990745544, 0.35628652572631836, 0.45957791805267334, -0.5146923661231995, -0.8089959025382996, -0.28393158316612244, 0.2706356942653656, -0.46753108501434326, 0.8415288329124451","-0.1287490874528885, -0.10964624583721161, 0.5225069522857666",-1
1,172,4,1.0,"-0.048171889036893845, -0.9834848046302795, 0.17446234822273254, 0.9933478832244873, -0.06546042859554291, -0.09473608434200287, 0.10459187626838684, 0.16873818635940552, 0.9800960421562195","0.06272068619728088, -0.06595461815595627, 0.36732375621795654",-1
1,172,5,1.0,"-0.0732882097363472, 0.9563716650009155, -0.2828112244606018, 0.994117259979248, 0.047379206866025925, -0.09739695489406586, -0.07974832504987717, -0.2882855534553528, -0.9542178511619568","-0.16683164238929749, -0.01683115027844906, 0.43264323472976685",-1
1,172,7,1.0,"0.9098387360572815, -0.38052958250045776, 0.1655021458864212, 0.032472163438797, -0.3323235511779785, -0.9426062703132629, 0.41368982195854187, 0.8629938960075378, -0.2900041937828064","0.17035578191280365, -0.09972652047872543, 0.6225521564483643",-1
1,172,8,1.0,"0.6847476959228516, 0.7269795536994934, 0.05120076984167099, 0.1909530758857727, -0.11117150634527206, -0.9752835035324097, -0.7033190727233887, 0.6776000261306763, -0.21494339406490326","0.0038753030821681023, -0.08166200667619705, 0.613024115562439",-1
1,173,2,1.0,"-0.8606278300285339, -0.5091958045959473, -0.006286840885877609, -0.16011472046375275, 0.2822994887828827, -0.9458701610565186, 0.4834078550338745, -0.8130354881286621, -0.3244844675064087","0.11592240631580353, -0.09922138601541519, 0.48076364398002625",-1
1,173,3,1.0,"-0.8118078112602234, 0.35495197772979736, 0.4636562764644623, -0.5170941352844238, -0.8058621883392334, -0.2884436547756195, 0.2712594270706177, -0.4739147126674652, 0.8377488255500793","-0.12849391996860504, -0.10922195762395859, 0.5229615569114685",-1
1,173,4,1.0,"-0.06385521590709686, -0.9778032302856445, 0.19955840706825256, 0.9915603995323181, -0.08477257192134857, -0.09808951616287231, 0.11282932758331299, 0.1916106790304184, 0.9749639630317688","0.06209763512015343, -0.06466599553823471, 0.3607567846775055",-1
1,173,5,1.0,"0.6079860329627991, 0.7850959897041321, -0.1182267814874649, 0.7801598906517029, -0.6183977723121643, -0.09452365338802338, -0.14732128381729126, -0.03476671874523163, -0.9884774088859558","-0.136086568236351, -0.020984115079045296, 0.3793666362762451",-1
1,173,7,1.0,"0.7082225680351257, 0.704165518283844, 0.050711169838905334, 0.17724129557609558, -0.1078132763504982, -0.9782442450523376, -0.6833785772323608, 0.7018029093742371, -0.20116303861141205","0.004398132208734751, -0.08094558864831924, 0.60956871509552",-1
1,173,8,1.0,"0.9189900755882263, -0.3657664656639099, 0.14721441268920898, 0.010069761425256729, -0.351479709148407, -0.936141312122345, 0.3941520154476166, 0.8617870807647705, -0.31932318210601807","0.17124129831790924, -0.09896352142095566, 0.62344890832901",-1
1,174,2,1.0,"-0.8732956647872925, -0.48719075322151184, -0.0001412034034729004, -0.15971210598945618, 0.2865597605705261, -0.9446563720703125, 0.46026819944381714, -0.8249416947364807, -0.32806161046028137","0.1162656843662262, -0.09963931143283844, 0.4834282696247101",-1
1,174,3,1.0,"-0.8127814531326294, 0.36175593733787537, 0.4566386342048645, -0.5171330571174622, -0.8089499473571777, -0.27959463000297546, 0.2682528495788574, -0.46339234709739685, 0.8445756435394287","-0.12855111062526703, -0.10872013121843338, 0.5216243267059326",-1
1,174,4,1.0,"-0.17239490151405334, -0.9556232690811157, 0.2388812154531479, 0.9813361763954163, -0.18759864568710327, -0.04226486384868622, 0.08520306646823883, 0.2271365374326706, 0.97012859582901","0.06245477497577667, -0.06641338765621185, 0.36559373140335083",-1
1,174,5,1.0,"0.6966550350189209, 0.7154250741004944, 0.05327975004911423, 0.18909414112567902, -0.11147654801607132, -0.9756106734275818, -0.6920368671417236, 0.6897391080856323, -0.2129434049129486","0.0037388529162853956, -0.08060137182474136, 0.6109182238578796",-1
