scene_id,im_id,obj_id,score,R,t
1,0,1,1.0,"-0.6536325812339783, -0.7432984113693237, 0.14238061010837555, 0.16424842178821564, 0.04432534798979759, 0.985422670841217, -0.7387740015983582, 0.6674902439117432, 0.09311307221651077","-0.2947632670402527, -0.1450962871313095, 0.4965590834617615",-1
1,0,3,1.0,"0.18623891472816467, 0.9743940234184265, 0.1259802281856537, 0.9453408122062683, -0.14278282225131989, -0.29316115379333496, -0.267666757106781, 0.17369231581687927, -0.9477264285087585","-0.09280335903167725, -0.15173722803592682, 0.5563442707061768",-1
1,0,6,1.0,"-0.2233545035123825, 0.9262347221374512, 0.3036480247974396, 0.22925728559494019, -0.2528601288795471, 0.9399484395980835, 0.9473932385444641, 0.27955520153045654, -0.15586861968040466","-0.04079641029238701, -0.028530588373541832, 0.3305523693561554",-1
1,0,8,1.0,"0.13000278174877167, -0.9504548907279968, -0.2823737561702728, 0.7271400094032288, -0.10221979022026062, 0.6788361668586731, -0.6740672588348389, -0.29357585310935974, 0.677824854850769","-0.22325748205184937, -0.13403059542179108, 0.5593849420547485",-1
1,2,1,1.0,"-0.6546499729156494, -0.7446903586387634, 0.1298845112323761, 0.14600832760334015, 0.044019609689712524, 0.9883036613464355, -0.7416974306106567, 0.6659570336341858, 0.07991354167461395","-0.28736162185668945, -0.14209124445915222, 0.4833819568157196",-1
1,2,3,1.0,"-0.2890413999557495, 0.8935268521308899, 0.34360578656196594, 0.2907952070236206, -0.2600170969963074, 0.9207764863967896, 0.912081778049469, 0.36606141924858093, -0.1846776306629181","-0.03677602484822273, -0.02833368629217148, 0.32579100131988525",-1
1,2,6,1.0,"0.172817200422287, 0.9675775170326233, 0.1841953545808792, 0.9608563184738159, -0.12450149655342102, -0.24749621748924255, -0.216539204120636, 0.21975690126419067, -0.9512190222740173","-0.08797800540924072, -0.15393872559070587, 0.5530984401702881",-1
1,2,8,1.0,"0.29174306988716125, 0.9556798934936523, 0.039523445069789886, -0.21759289503097534, 0.10654940456151962, -0.970206618309021, -0.9314179420471191, 0.27445095777511597, 0.23903419077396393","-0.2071838527917862, -0.1277475506067276, 0.5245376229286194",-1
1,4,1,1.0,"-0.3959444463253021, -0.8974568843841553, 0.19442053139209747, 0.08870211243629456, 0.17335392534732819, 0.9808569550514221, -0.9139803051948547, 0.4056103229522705, 0.010967796668410301","-0.2530130445957184, -0.1326117217540741, 0.4367164373397827",-1
1,4,3,1.0,"-0.0704789012670517, 0.9555221199989319, 0.28637462854385376, 0.4329243302345276, -0.2293407917022705, 0.8717679381370544, 0.8986707329750061, 0.18541976809501648, -0.39750510454177856","-0.042881954461336136, -0.03440401330590248, 0.33206212520599365",-1
1,4,6,1.0,"0.016126085072755814, 0.652808666229248, 0.7573511600494385, -0.9444345235824585, 0.25865063071250916, -0.20283760130405426, -0.3283035457134247, -0.7119976878166199, 0.6207060217857361","-0.07242105156183243, -0.1562483310699463, 0.5687972903251648",-1
1,4,8,1.0,"0.28817543387413025, 0.9568057656288147, 0.03844001144170761, -0.22361548244953156, 0.10627415776252747, -0.968866229057312, -0.9311019778251648, 0.2706076502799988, 0.2445821911096573","-0.2075015753507614, -0.1280810832977295, 0.5249330997467041",-1
1,5,1,1.0,"-0.528711199760437, -0.8396360278129578, 0.12440242618322372, 0.1459013819694519, 0.05448168143630028, 0.9877979159355164, -0.8361683487892151, 0.5404102802276611, 0.09369897842407227","-0.272469162940979, -0.1382097452878952, 0.46294698119163513",-1
1,5,3,1.0,"0.19267167150974274, 0.9609696865081787, 0.19853173196315765, 0.9379109740257263, -0.12087737768888474, -0.32513365149497986, -0.2884455919265747, 0.24884912371635437, -0.9245936274528503","-0.08511582762002945, -0.1566048413515091, 0.5557625889778137",-1
1,5,6,1.0,"-0.1334196776151657, 0.9366550445556641, 0.3238464593887329, 0.3835937976837158, -0.2524928152561188, 0.888314962387085, 0.9138135313987732, 0.24274419248104095, -0.325607568025589","-0.041758641600608826, -0.03447580337524414, 0.33250048756599426",-1
1,5,8,1.0,"0.1355956643819809, 0.9512394070625305, 0.277051717042923, 0.07750782370567322, 0.26859286427497864, -0.9601305723190308, -0.98772794008255, 0.15166321396827698, -0.037308469414711","-0.16974453628063202, -0.10711965709924698, 0.4367443025112152",-1
1,6,1,1.0,"-0.499357134103775, -0.8586713075637817, 0.11543857306241989, 0.13470713794231415, 0.05467188358306885, 0.9893760085105896, -0.8558600544929504, 0.5096023082733154, 0.08836837112903595","-0.2716466784477234, -0.13887609541416168, 0.46357810497283936",-1
1,6,3,1.0,"-0.14346377551555634, 0.934454619884491, 0.3259032070636749, 0.37301644682884216, -0.25396478176116943, 0.8923903703689575, 0.9166662096977234, 0.24959297478199005, -0.3121321499347687","-0.041092708706855774, -0.03379056975245476, 0.3319563567638397",-1
1,6,6,1.0,"0.14392992854118347, 0.9666988253593445, 0.21160705387592316, 0.9735956788063049, -0.10004115104675293, -0.2051912248134613, -0.1771887093782425, 0.2355528622865677, -0.9555727243423462","-0.09137074649333954, -0.15436778962612152, 0.5522478222846985",-1
1,6,8,1.0,"0.13623400032520294, 0.9510394334793091, 0.27742433547973633, 0.07584915310144424, 0.26920005679130554, -0.9600928425788879, -0.9877688884735107, 0.1518397033214569, -0.035461343824863434","-0.1699555367231369, -0.10713930428028107, 0.4361363351345062",-1
1,7,1,1.0,"-0.3461156189441681, -0.9169405102729797, 0.19855506718158722, 0.07033032178878784, 0.185682013630867, 0.9800897836685181, -0.9355520606040955, 0.35318878293037415, 0.0002212822437286377","-0.2461061328649521, -0.12945252656936646, 0.4274623692035675",-1
1,7,3,1.0,"0.13616050779819489, 0.9648156762123108, 0.22492459416389465, 0.9619483351707458, -0.07446973025798798, -0.26288726925849915, -0.23688770830631256, 0.2521607279777527, -0.9382426142692566","-0.09165891259908676, -0.1555151641368866, 0.5544989705085754",-1
1,7,6,1.0,"-0.22726783156394958, 0.9138033986091614, 0.3366197645664215, 0.29847919940948486, -0.26366478204727173, 0.917273759841919, 0.926962673664093, 0.3089407980442047, -0.21282875537872314","-0.037996936589479446, -0.029955154284834862, 0.33327028155326843",-1
1,7,8,1.0,"0.2875603139400482, 0.9570389986038208, 0.037222109735012054, -0.22835327684879303, 0.10625222325325012, -0.9677631855010986, -0.9301419258117676, 0.2697904706001282, 0.24909690022468567","-0.20760338008403778, -0.12814456224441528, 0.5243954062461853",-1
1,8,1,1.0,"-0.36245614290237427, -0.9068558812141418, 0.21503028273582458, 0.2192225158214569, 0.14128994941711426, 0.9653904438018799, -0.9058516025543213, 0.3970511555671692, 0.14759181439876556","-0.2543184757232666, -0.1332484930753708, 0.4424251914024353",-1
1,8,3,1.0,"0.14499875903129578, 0.9730847477912903, 0.17911341786384583, 0.9067195057868958, -0.05822547897696495, -0.41769567131996155, -0.39602428674697876, 0.22297093272209167, -0.8907573819160461","-0.09291527420282364, -0.16024328768253326, 0.5541419386863708",-1
1,8,6,1.0,"-0.18714654445648193, 0.9208912253379822, 0.34195831418037415, 0.32860082387924194, -0.2693678140640259, 0.905241847038269, 0.9257417321205139, 0.2817806601524353, -0.2521943747997284","-0.03950013220310211, -0.0299000833183527, 0.33162277936935425",-1
1,8,8,1.0,"0.286349892616272, 0.9573448300361633, 0.03865838795900345, -0.22977982461452484, 0.10778765380382538, -0.9672554135322571, -0.9301639199256897, 0.26809054613113403, 0.2508435547351837","-0.2073385864496231, -0.12753801047801971, 0.5238624215126038",-1
1,9,1,1.0,"0.591792643070221, -0.8015904426574707, -0.08505507558584213, -0.6886304020881653, -0.44788944721221924, -0.5702484250068665, 0.4190104603767395, 0.39604032039642334, -0.817057192325592","-0.24577200412750244, -0.12795811891555786, 0.4564557671546936",-1
1,9,3,1.0,"-0.1390477567911148, 0.9327540993690491, 0.3326193392276764, 0.3806646764278412, -0.2597307860851288, 0.887487530708313, 0.9141991138458252, 0.2500196099281311, -0.3189515471458435","-0.040604595094919205, -0.0333888940513134, 0.3354271948337555",-1
1,9,6,1.0,"0.15891028940677643, 0.9640144109725952, 0.21312864124774933, 0.9200772047042847, -0.06631040573120117, -0.38608404994010925, -0.3580579161643982, 0.2574475407600403, -0.8975051045417786","-0.09053436666727066, -0.15854990482330322, 0.5507856011390686",-1
1,9,8,1.0,"0.2813255488872528, 0.9580930471420288, 0.05397849529981613, -0.22635415196418762, 0.12091728299856186, -0.9665106534957886, -0.9325339794158936, 0.2596858739852905, 0.2508854866027832","-0.20588183403015137, -0.1280612200498581, 0.5244420766830444",-1
1,10,1,1.0,"-0.6188143491744995, -0.765234112739563, 0.17744161188602448, 0.1842525154352188, 0.07818891108036041, 0.9797639846801758, -0.7636228203773499, 0.6389861106872559, 0.0926118940114975","-0.30279025435447693, -0.15179841220378876, 0.508065402507782",-1
1,10,3,1.0,"0.22411346435546875, 0.9393615126609802, 0.259563684463501, 0.9631602168083191, -0.17286716401576996, -0.20600876212120056, -0.14864660799503326, 0.29617074131965637, -0.943497359752655","-0.08929352462291718, -0.15376457571983337, 0.5516265034675598",-1
1,10,6,1.0,"-0.1372620016336441, 0.9311433434486389, 0.3378330171108246, 0.3778737187385559, -0.26604485511779785, 0.8868096470832825, 0.915625810623169, 0.24938352406024933, -0.31533679366111755","-0.04149707406759262, -0.0340411514043808, 0.3354906141757965",-1
1,10,8,1.0,"0.13300110399723053, 0.9523361325263977, 0.2745300233364105, 0.0788339152932167, 0.26594820618629456, -0.9607584476470947, -0.9879758358001709, 0.149424210190773, -0.03970497101545334","-0.1688365638256073, -0.10686177015304565, 0.4355047345161438",-1
1,11,1,1.0,"-0.6710282564163208, -0.72782301902771, 0.14140267670154572, 0.16194820404052734, 0.04223061352968216, 0.9858952164649963, -0.7235287427902222, 0.684463620185852, 0.08953167498111725","-0.2977815866470337, -0.14978957176208496, 0.49722200632095337",-1
1,11,3,1.0,"-0.3211185932159424, 0.8942568898200989, 0.3117489516735077, 0.26666343212127686, -0.23048388957977295, 0.9358246922492981, 0.908720850944519, 0.3836427330970764, -0.1644529402256012","-0.03373835235834122, -0.029178868979215622, 0.31973525881767273",-1
1,11,6,1.0,"0.1798381805419922, 0.9673722982406616, 0.17846320569515228, 0.9730443954467773, -0.14831295609474182, -0.1766006350517273, -0.1443701535463333, 0.20541217923164368, -0.9679685831069946","-0.08985492587089539, -0.15202759206295013, 0.5501112341880798",-1
1,11,8,1.0,"0.13118892908096313, 0.9459608793258667, 0.2965598404407501, 0.06947940587997437, 0.2896363139152527, -0.9546117782592773, -0.988919734954834, 0.14583928883075714, -0.02772771567106247","-0.16963990032672882, -0.1072506457567215, 0.43515637516975403",-1
1,12,1,1.0,"-0.6683638691902161, -0.7177229523658752, 0.1953548938035965, 0.17829827964305878, 0.10039165616035461, 0.9788418412208557, -0.7221491932868958, 0.689054012298584, 0.060870617628097534","-0.3029331862926483, -0.1523408442735672, 0.5098443031311035",-1
1,12,3,1.0,"-0.3346695303916931, 0.8987244367599487, 0.28335654735565186, 0.23173925280570984, -0.212968647480011, 0.9491792917251587, 0.9133964776992798, 0.3833262026309967, -0.1369955837726593","-0.03451890870928764, -0.027572117745876312, 0.31960329413414",-1
1,12,6,1.0,"0.16111566126346588, 0.9634862542152405, 0.21386048197746277, 0.9646719694137573, -0.10797297209501266, -0.2403123676776886, -0.2084464579820633, 0.24502326548099518, -0.9468441605567932","-0.08864474296569824, -0.15314583480358124, 0.5502211451530457",-1
1,12,8,1.0,"0.1361144632101059, 0.9472889304161072, 0.2900286316871643, 0.06687527149915695, 0.28329989314079285, -0.9566969871520996, -0.9884334802627563, 0.14961601793766022, -0.024788998067378998","-0.16880252957344055, -0.10719723254442215, 0.43594682216644287",-1
1,34,1,1.0,"0.4778784513473511, -0.8755540251731873, -0.0709744393825531, -0.5109701156616211, -0.21134603023529053, -0.8332120180130005, 0.7145219445228577, 0.43443992733955383, -0.5483797192573547","-0.17795464396476746, -0.10426127165555954, 0.4055536389350891",-1
1,34,3,1.0,"0.013736278750002384, 0.6234419941902161, -0.7817490100860596, -0.9484941959381104, 0.25559189915657043, 0.18716740608215332, 0.31649672985076904, 0.7389134168624878, 0.5948419570922852","-0.025101052597165108, -0.14195343852043152, 0.5729846954345703",-1
1,34,6,1.0,"-0.0012754715280607343, 0.9913907051086426, 0.13093212246894836, -0.9967623949050903, 0.009265887551009655, -0.07986932247877121, -0.08039489388465881, -0.13061007857322693, 0.9881688952445984","-0.15615442395210266, -0.11517208069562912, 0.49248796701431274",-1
1,34,8,1.0,"-0.4354103207588196, 0.8873881697654724, 0.1515267789363861, 0.23846858739852905, -0.048613570630550385, 0.9699327945709229, 0.8680729866027832, 0.45845314860343933, -0.1904473453760147","0.0005516242817975581, -0.019854435697197914, 0.28112778067588806",-1
1,37,1,1.0,"-0.9954583048820496, -0.09376662969589233, 0.01645210012793541, -0.06068829074501991, 0.49189579486846924, -0.8685362935066223, 0.07334700226783752, -0.8655901551246643, -0.49535226821899414","-0.21640577912330627, -0.12583036720752716, 0.44184720516204834",-1
1,37,3,1.0,"-0.1363212615251541, 0.9747169017791748, 0.17704108357429504, -0.9729689955711365, -0.0981040969491005, -0.2090623378753662, -0.186408132314682, -0.20075510442256927, 0.9617428183555603","-0.16269801557064056, -0.12180735915899277, 0.5119445323944092",-1
1,37,6,1.0,"0.20708511769771576, -0.977853000164032, 0.030320536345243454, 0.25502723455429077, 0.08387741446495056, 0.9632889628410339, -0.9444982409477234, -0.19175025820732117, 0.26674884557724","-0.03441506251692772, -0.11206831783056259, 0.4607786536216736",-1
1,37,8,1.0,"-0.4257872700691223, 0.895625114440918, 0.12868943810462952, 0.23635947704315186, -0.027193628251552582, 0.9712851643562317, 0.8734068870544434, 0.4439777731895447, -0.2001107782125473","0.0028576760087162256, -0.021004317328333855, 0.2796418368816376",-1
1,38,1,1.0,"-0.9789738059043884, -0.10642167925834656, -0.17402531206607819, 0.12498227506875992, 0.3613061010837555, -0.9240331053733826, 0.16121357679367065, -0.9263544082641602, -0.3404083847999573","-0.23272627592086792, -0.12836536765098572, 0.4830557703971863",-1
1,38,3,1.0,"0.09421880543231964, -0.9907399415969849, 0.09776173532009125, 0.0026880688965320587, 0.0984513908624649, 0.9951382279396057, -0.995547890663147, -0.09349795430898666, 0.011939147487282753","-0.033740051090717316, -0.11463449895381927, 0.4338919520378113",-1
1,38,6,1.0,"-0.157842755317688, 0.9627735614776611, 0.21943733096122742, -0.9673572778701782, -0.10614584386348724, -0.23011551797389984, -0.19825677573680878, -0.24859635531902313, 0.9481003284454346","-0.16316260397434235, -0.12335919588804245, 0.5191507339477539",-1
1,38,8,1.0,"-0.41261568665504456, 0.9066124558448792, 0.0883304625749588, 0.2112026959657669, 0.0008908403106033802, 0.9774419665336609, 0.8860822916030884, 0.42196351289749146, -0.1918465495109558","0.0029827700927853584, -0.021271811798214912, 0.28418439626693726",-1
1,40,1,1.0,"-0.9906387329101562, -0.13414159417152405, -0.025318782776594162, -0.05711355060338974, 0.5757343173027039, -0.8156399130821228, 0.12398811429738998, -0.8065584301948547, -0.5780059099197388","-0.20944418013095856, -0.12467151880264282, 0.43676355481147766",-1
1,40,3,1.0,"0.20354066789150238, -0.977810800075531, 0.04957199469208717, 0.2720589339733124, 0.10512436181306839, 0.9565212726593018, -0.9405080080032349, -0.18120446801185608, 0.2874191999435425","-0.0315893180668354, -0.11483066529035568, 0.4599086344242096",-1
1,40,6,1.0,"-0.16365766525268555, 0.959709107875824, 0.22841820120811462, -0.9651454091072083, -0.10782705247402191, -0.23846979439258575, -0.20423194766044617, -0.2594841718673706, 0.9439053535461426","-0.16139264404773712, -0.12552818655967712, 0.5217138528823853",-1
1,40,8,1.0,"-0.40611129999160767, 0.911561906337738, 0.06425314396619797, 0.2405422478914261, 0.03880176320672035, 0.9698627591133118, 0.8815968036651611, 0.4093278646469116, -0.2350270301103592","0.005467546172440052, -0.022570429369807243, 0.27889224886894226",-1
1,42,1,1.0,"-0.9917267560958862, -0.1246400773525238, -0.03070986457169056, -0.046173952519893646, 0.5695877075195312, -0.8206324577331543, 0.11977566033601761, -0.8124251365661621, -0.5706303715705872","-0.2067628800868988, -0.1260259598493576, 0.4380818009376526",-1
1,42,3,1.0,"0.20568478107452393, -0.976529061794281, 0.06391303241252899, 0.27871599793434143, 0.12105981260538101, 0.9527129530906677, -0.9380890727043152, -0.17814496159553528, 0.29707440733909607","-0.026939233765006065, -0.11257219314575195, 0.4574435353279114",-1
1,42,6,1.0,"-0.3918302357196808, 0.9177570343017578, 0.06473791599273682, 0.23786403238773346, 0.03307952731847763, 0.9707349538803101, 0.8887573480606079, 0.395762175321579, -0.2312629669904709","0.007634980138391256, -0.022031644359230995, 0.27987533807754517",-1
1,42,8,1.0,"-0.146057590842247, 0.9457361698150635, 0.2902590036392212, -0.9772092700004578, -0.09223903715610504, -0.1911914050579071, -0.15404339134693146, -0.3115687072277069, 0.9376542568206787","-0.1715511679649353, -0.12726950645446777, 0.5580791234970093",-1
1,52,1,1.0,"-0.9725370407104492, -0.2307516634464264, -0.03041931614279747, -0.09019715338945389, 0.4941389560699463, -0.8646912574768066, 0.2145603597164154, -0.8382006287574768, -0.5013815760612488","-0.18597367405891418, -0.12649750709533691, 0.45915308594703674",-1
1,52,3,1.0,"-0.7503887414932251, -0.6606523990631104, -0.021339574828743935, 0.20445632934570312, -0.2626863718032837, 0.9429706931114197, -0.6285813450813293, 0.7032315731048584, 0.3321914076805115","-0.2675033509731293, -0.11636390537023544, 0.535038948059082",-1
1,52,4,1.0,"-0.3716159760951996, 0.9283189177513123, 0.011217593215405941, 0.28974437713623047, 0.10449150204658508, 0.9513832926750183, 0.8820146918296814, 0.3567993938922882, -0.3078058660030365","0.04178641363978386, -0.02831786870956421, 0.34406983852386475",-1
1,52,6,1.0,"0.09423618018627167, 0.6556775569915771, -0.749137282371521, -0.9069397449493408, 0.366880863904953, 0.20702342689037323, 0.4105846583843231, 0.6599133014678955, 0.6292334794998169","0.034613318741321564, -0.1355161964893341, 0.5656666159629822",-1
1,52,8,1.0,"-0.21156281232833862, 0.9772788286209106, 0.012931635603308678, 0.3119126260280609, 0.054972246289253235, 0.9485191702842712, 0.9262568354606628, 0.20470494031906128, -0.3164557218551636","-0.09131681174039841, -0.10745325684547424, 0.4899446368217468",-1
1,81,1,1.0,"-0.9815401434898376, -0.18463024497032166, -0.0499081127345562, -0.02730344980955124, 0.3935434818267822, -0.9189004898071289, 0.1892978399991989, -0.9005749821662903, -0.3913196623325348","-0.11663619428873062, -0.13381382822990417, 0.477015882730484",-1
1,81,2,1.0,"-0.8946167230606079, 0.3858899176120758, -0.22527764737606049, 0.09467868506908417, -0.329012006521225, -0.9395674467086792, -0.43668869137763977, -0.861881673336029, 0.2578040659427643","-0.2293895184993744, -0.14369988441467285, 0.5802382826805115",-1
1,81,3,1.0,"-0.17235596477985382, 0.009349510073661804, -0.9849903583526611, -0.9299808740615845, 0.3280717134475708, 0.1658443659543991, 0.3246980309486389, 0.9446066617965698, -0.04785025492310524","-0.18470574915409088, -0.11762943118810654, 0.3964722156524658",-1
1,81,4,1.0,"0.14834055304527283, 0.8513644337654114, 0.5031636953353882, 0.1647481620311737, 0.48040851950645447, -0.8614323139190674, -0.9751169681549072, 0.21068066358566284, -0.06899666041135788","0.07737162709236145, -0.05855080485343933, 0.28941115736961365",-1
1,81,6,1.0,"-0.040106989443302155, 0.9775686860084534, 0.20676296949386597, -0.0022148005664348602, -0.2070159614086151, 0.9783352017402649, 0.9991929531097412, 0.03878014534711838, 0.010467907413840294","-0.025022100657224655, -0.08412129431962967, 0.43592238426208496",-1
1,81,8,1.0,"-0.11904288828372955, -0.9354468584060669, 0.3328186869621277, -0.6864028573036194, -0.16466502845287323, -0.7083337903022766, 0.7174120545387268, -0.3127697706222534, -0.6224910616874695","0.09877239167690277, -0.16233423352241516, 0.4707154333591461",-1
1,114,1,1.0,"0.9951890707015991, -0.01629268378019333, -0.0966097041964531, -0.09763160347938538, -0.08256228268146515, -0.9917920827865601, 0.008182644844055176, 0.996452808380127, -0.0837557315826416","-0.007406491786241531, -0.11413905024528503, 0.45996811985969543",-1
1,114,2,1.0,"-0.7379446625709534, 0.5327653288841248, 0.41424477100372314, -0.6473047137260437, -0.7323916554450989, -0.21118468046188354, 0.1908775269985199, -0.42398518323898315, 0.885326087474823","-0.2598152756690979, -0.13453610241413116, 0.5266944169998169",-1
1,114,3,1.0,"0.34956854581832886, -0.9298633933067322, 0.11469902843236923, -0.8257654905319214, -0.3636174499988556, -0.4311538338661194, 0.4426206946372986, 0.05600330978631973, -0.8949583768844604","0.2128939926624298, -0.1530945748090744, 0.4813109040260315",-1
1,114,4,1.0,"-0.9799270629882812, 0.161070317029953, -0.11747042089700699, 0.08083367347717285, -0.2176092118024826, -0.9726828932762146, -0.1822330206632614, -0.9626539945602417, 0.20022127032279968","-0.09121943265199661, -0.11349000036716461, 0.35217463970184326",-1
1,114,5,1.0,"-0.03935381770133972, 0.9991970658302307, 0.007521492429077625, 0.3573703169822693, 0.0070449477061629295, 0.9339362978935242, 0.9331333637237549, 0.03944190591573715, -0.3573606014251709","0.020728738978505135, -0.09523604810237885, 0.4958377182483673",-1
1,114,6,1.0,"0.17684490978717804, -0.9696787595748901, -0.16866855323314667, 0.6714375019073486, -0.006444075144827366, 0.7410331964492798, -0.7196510434150696, -0.2442982941865921, 0.6499390602111816","0.24340444803237915, -0.027992894873023033, 0.4520483613014221",-1
1,114,8,1.0,"-0.22684599459171295, -0.9319993257522583, -0.28269827365875244, 0.9076282978057861, -0.3075679540634155, 0.28567999601364136, -0.3532024323940277, -0.19177961349487305, 0.9156795144081116","-0.11374369263648987, -0.11824315786361694, 0.5648245811462402",-1
1,141,1,1.0,"0.9045335650444031, 0.4215450584888458, -0.06417928636074066, 0.055280521512031555, -0.2651745080947876, -0.9626144766807556, -0.42280399799346924, 0.8671691417694092, -0.2631624639034271","0.05771614983677864, -0.1074499785900116, 0.4366401433944702",-1
1,141,2,1.0,"-0.8134666681289673, 0.2994208335876465, 0.4986172616481781, -0.5055918097496033, -0.7878053188323975, -0.3517661690711975, 0.287487268447876, -0.5382468700408936, 0.7922381162643433","-0.1925237625837326, -0.13895536959171295, 0.5469211935997009",-1
1,141,3,1.0,"0.16117914021015167, 0.9868276119232178, 0.013876445591449738, -0.3531084656715393, 0.04453246667981148, 0.9345219135284424, 0.9215940833091736, -0.1555253267288208, 0.35563480854034424","0.24584344029426575, -0.10986585915088654, 0.4841780960559845",-1
1,141,4,1.0,"-0.15044963359832764, -0.9423518776893616, -0.2988945245742798, -0.6717364192008972, 0.31926679611206055, -0.6684602499008179, 0.7253519296646118, 0.10020872950553894, -0.6810455322265625","-0.015045630745589733, -0.10702744871377945, 0.4311492145061493",-1
1,141,5,1.0,"0.295755535364151, 0.9249310493469238, -0.2388119101524353, -0.10296320915222168, -0.21767355501651764, -0.9705755114555359, -0.9496985077857971, 0.3116419315338135, 0.03085571527481079","-0.048686277121305466, -0.1585923135280609, 0.7400786280632019",-1
1,141,6,1.0,"0.34505486488342285, 0.9146754741668701, 0.2104899287223816, 0.2133980095386505, -0.2948443293571472, 0.931411862373352, 0.9140012860298157, -0.2764700651168823, -0.29692742228507996","0.08086632192134857, -0.10487572848796844, 0.5326228141784668",-1
1,141,7,1.0,"0.6288172602653503, -0.529359757900238, 0.5695324540138245, -0.07147035002708435, -0.7687165141105652, -0.6355839371681213, 0.7742615342140198, 0.3589614927768707, -0.5212156772613525","0.2912105619907379, -0.058149952441453934, 0.3940330445766449",-1
1,141,8,1.0,"-0.08289727568626404, 0.893933892250061, -0.4404662251472473, -0.5244081020355225, -0.4149736166000366, -0.7435007095336914, -0.8474221229553223, 0.16934984922409058, 0.5031862854957581","-0.21951733529567719, -0.04824133217334747, 0.43399468064308167",-1
1,164,2,1.0,"-0.9580881595611572, -0.28501972556114197, -0.028826141729950905, -0.07023237645626068, 0.33124759793281555, -0.9409264922142029, 0.27773115038871765, -0.8994659781455994, -0.3373819589614868","0.10724128782749176, -0.10147186368703842, 0.4807302951812744",-1
1,164,3,1.0,"-0.7884496450424194, 0.35537657141685486, 0.5020504593849182, -0.5345911979675293, -0.7996155619621277, -0.2735455632209778, 0.30423569679260254, -0.48406875133514404, 0.8204379081726074","-0.13769391179084778, -0.1173463687300682, 0.5395870804786682",-1
1,164,4,1.0,"-0.6078530550003052, -0.7764389514923096, 0.1663053184747696, -0.2672777771949768, 0.0028478913009166718, -0.963615357875824, 0.7477148771286011, -0.630186140537262, -0.2092559039592743","0.022814378142356873, -0.12311119586229324, 0.6035615801811218",-1
1,164,5,1.0,"-0.3177180588245392, -0.39683404564857483, -0.8611490726470947, 0.9324069619178772, -0.29575207829475403, -0.20772016048431396, -0.1722562313079834, -0.8689380884170532, 0.46397665143013","-0.19276893138885498, -0.023881912231445312, 0.44201502203941345",-1
1,164,7,1.0,"-0.2563488185405731, -0.9664242267608643, -0.017596006393432617, -0.31505221128463745, 0.10075164586305618, -0.9437114596366882, 0.9137982726097107, -0.23637564480304718, -0.3303016126155853","0.04260130971670151, -0.08184706419706345, 0.39878445863723755",-1
1,164,8,1.0,"0.27571168541908264, 0.9601046442985535, 0.046713463962078094, 0.2539532482624054, -0.1196255013346672, 0.9597902894020081, 0.9270873069763184, -0.25276240706443787, -0.2768038511276245","0.141578808426857, -0.08061626553535461, 0.5327295660972595",-1
1,166,2,1.0,"-0.949077844619751, -0.3125484585762024, -0.039555732160806656, -0.08432238548994064, 0.3729912042617798, -0.9239951968193054, 0.3035472333431244, -0.8736080527305603, -0.38035252690315247","0.10901712626218796, -0.1011427491903305, 0.4788168966770172",-1
1,166,3,1.0,"-0.7921884059906006, 0.3433953523635864, 0.5044971108436584, -0.5252821445465088, -0.8045024871826172, -0.2772265374660492, 0.3106708824634552, -0.4846189320087433, 0.8176968693733215","-0.13622669875621796, -0.11627909541130066, 0.5409408807754517",-1
1,166,4,1.0,"-0.9400457739830017, -0.27661481499671936, 0.19949527084827423, -0.27238786220550537, 0.2569502592086792, -0.9272440671920776, 0.20522910356521606, -0.9259918928146362, -0.31689149141311646","0.0070344023406505585, -0.1333768516778946, 0.594151496887207",-1
1,166,5,1.0,"-0.3025500178337097, -0.3655935823917389, -0.8802300691604614, 0.926805317401886, -0.3284047842025757, -0.18215958774089813, -0.2224753499031067, -0.8709143400192261, 0.4381929337978363","-0.19386495649814606, -0.024339020252227783, 0.45152658224105835",-1
1,166,7,1.0,"-0.2445327192544937, -0.9696323275566101, 0.004128406289964914, -0.3158233165740967, 0.07562091201543808, -0.9457997679710388, 0.9167657494544983, -0.23258283734321594, -0.3247242271900177","0.04327947646379471, -0.08191799372434616, 0.398471474647522",-1
1,166,8,1.0,"0.27475330233573914, 0.9578587412834167, 0.08376952260732651, 0.24386905133724213, -0.15369439125061035, 0.9575520157814026, 0.9300744533538818, -0.24266178905963898, -0.27582013607025146","0.14087949693202972, -0.08035141229629517, 0.5335131883621216",-1
1,167,2,1.0,"-0.9506252408027649, -0.30810847878456116, -0.03716256096959114, -0.08123210072517395, 0.3626087009906769, -0.9283945560455322, 0.29952168464660645, -0.8795364499092102, -0.36973318457603455","0.10996082425117493, -0.10103143751621246, 0.47971174120903015",-1
1,167,3,1.0,"-0.7822481393814087, 0.35964739322662354, 0.508666455745697, -0.5434237718582153, -0.7931731343269348, -0.2748943865299225, 0.30459558963775635, -0.49145713448524475, 0.8158991932868958","-0.13644541800022125, -0.11779610067605972, 0.5456684231758118",-1
1,167,4,1.0,"-0.7694864273071289, -0.6108506321907043, 0.18641982972621918, -0.29388001561164856, 0.0795057862997055, -0.9525299668312073, 0.5670320391654968, -0.787743866443634, -0.24069537222385406","0.020578891038894653, -0.13167621195316315, 0.6042518019676208",-1
1,167,5,1.0,"-0.24598810076713562, -0.9692727327346802, 0.000398695410694927, -0.32215753197669983, 0.08137118816375732, -0.9431824088096619, 0.9141687154769897, -0.23214012384414673, -0.332274854183197","0.04471386969089508, -0.08224856853485107, 0.4007878601551056",-1
1,167,7,1.0,"-0.2696923613548279, 0.7649039626121521, 0.5849683880805969, 0.7049931883811951, 0.570638120174408, -0.42113739252090454, -0.6559349894523621, 0.29882124066352844, -0.6931488513946533","0.17483893036842346, -0.09559288620948792, 0.616401195526123",-1
1,167,8,1.0,"-0.2601359784603119, -0.3325199484825134, -0.9065096974372864, 0.9563778638839722, -0.2179810106754303, -0.1944880336523056, -0.13293074071407318, -0.9175590872764587, 0.37471944093704224","-0.20164719223976135, -0.023629197850823402, 0.474712073802948",-1
1,168,2,1.0,"-0.9513129591941833, -0.305566668510437, -0.0404052808880806, -0.07960350066423416, 0.3702111542224884, -0.9255307912826538, 0.29776978492736816, -0.8772530555725098, -0.3765108585357666","0.11138623207807541, -0.10083533823490143, 0.4808886647224426",-1
1,168,3,1.0,"-0.7998772263526917, 0.33983391523361206, 0.49468088150024414, -0.515726625919342, -0.810761034488678, -0.27693384885787964, 0.30695655941963196, -0.4766332507133484, 0.8237708210945129","-0.13364259898662567, -0.11418157815933228, 0.5371885895729065",-1
1,168,4,1.0,"-0.7792600989341736, -0.5892958045005798, 0.21327050030231476, -0.28220269083976746, 0.02610398456454277, -0.9589996337890625, 0.5595672726631165, -0.8074957132339478, -0.18664266169071198","0.021472496911883354, -0.13027234375476837, 0.60494464635849",-1
1,168,5,1.0,"0.1632096916437149, 0.9216257929801941, -0.3520914912223816, -0.4237261116504669, -0.2568057179450989, -0.8686235547065735, -0.8909651041030884, 0.2909581661224365, 0.348603755235672","0.04449533671140671, -0.07385392487049103, 0.4014010429382324",-1
1,168,7,1.0,"-0.3137778341770172, -0.3947290778160095, -0.8635580539703369, 0.9334391355514526, -0.2947947382926941, -0.20441994071006775, -0.17388185858726501, -0.8702213168144226, 0.4609556198120117","-0.18556396663188934, -0.02157493866980076, 0.4339551627635956",-1
1,168,8,1.0,"0.25620800256729126, -0.9631741642951965, 0.08156615495681763, -0.3029448688030243, -0.16014210879802704, -0.9394567012786865, 0.9179225564002991, 0.21598628163337708, -0.3328183591365814","0.1379164457321167, -0.09023186564445496, 0.4965459406375885",-1
1,169,2,1.0,"-0.9545679688453674, -0.2954004108905792, -0.03922578692436218, -0.07886098325252533, 0.3773587942123413, -0.9227032661437988, 0.28736913204193115, -0.8776895999908447, -0.38351017236709595","0.11161011457443237, -0.10064323991537094, 0.48104438185691833",-1
1,169,3,1.0,"-0.7863203287124634, 0.3557489514350891, 0.5051168203353882, -0.5368347764015198, -0.7980892062187195, -0.27360934019088745, 0.30579209327697754, -0.48630887269973755, 0.8185321688652039","-0.13531740009784698, -0.11614706367254257, 0.5444573760032654",-1
1,169,4,1.0,"-0.930374264717102, -0.27715086936950684, 0.23998169600963593, -0.2912890315055847, 0.16136512160301208, -0.9429274201393127, 0.22260847687721252, -0.9471794366836548, -0.23086094856262207","0.010011325590312481, -0.13236892223358154, 0.6040030121803284",-1
1,169,5,1.0,"-0.3091549277305603, -0.3925755023956299, -0.8662030100822449, 0.9355247616767883, -0.2892460525035858, -0.20280595123767853, -0.1709291636943817, -0.8730528354644775, 0.4566859006881714","-0.18670140206813812, -0.021160835400223732, 0.438777893781662",-1
1,169,7,1.0,"0.19970957934856415, 0.9208140969276428, -0.3349888026714325, -0.4174641966819763, -0.2293366640806198, -0.8792771100997925, -0.8864759802818298, 0.3154459595680237, 0.33860617876052856","0.04641393944621086, -0.07289090007543564, 0.4041263163089752",-1
1,169,8,1.0,"0.26137006282806396, -0.9627635478973389, 0.06907984614372253, -0.3058050274848938, -0.15047533810138702, -0.9401279091835022, 0.915515661239624, 0.22459633648395538, -0.3337476849555969","0.138825461268425, -0.09031250327825546, 0.49588489532470703",-1
1,170,2,1.0,"-0.9508876204490662, -0.30813029408454895, -0.029471907764673233, -0.08349139243364334, 0.3470020294189453, -0.934140682220459, 0.29806384444236755, -0.8858022093772888, -0.35568612813949585","0.11229301989078522, -0.10029015690088272, 0.4821377098560333",-1
1,170,3,1.0,"-0.7957486510276794, 0.35055258870124817, 0.49385932087898254, -0.5251553654670715, -0.805564820766449, -0.2743672728538513, 0.30165550112724304, -0.4776802361011505, 0.8251215815544128","-0.133991077542305, -0.11462315917015076, 0.5405880808830261",-1
1,170,4,1.0,"-0.919223964214325, -0.3380433917045593, 0.20187628269195557, -0.28749173879623413, 0.2259225696325302, -0.9307564496994019, 0.2690276801586151, -0.9136113524436951, -0.30485811829566956","0.010013476945459843, -0.13301490247249603, 0.595825731754303",-1
1,170,5,1.0,"0.2813026010990143, 0.8922494053840637, -0.35321372747421265, -0.452295184135437, -0.20135091245174408, -0.8688421845436096, -0.8463438749313354, 0.4041644334793091, 0.34691956639289856","0.047896936535835266, -0.07311486452817917, 0.4046596586704254",-1
1,170,7,1.0,"-0.3019562065601349, -0.39792561531066895, -0.8663012385368347, 0.9369812607765198, -0.29140716791152954, -0.19273775815963745, -0.17575106024742126, -0.8699064254760742, 0.4608410596847534","-0.18279431760311127, -0.02060159668326378, 0.43076595664024353",-1
1,170,8,1.0,"0.25218451023101807, -0.9622750878334045, 0.10212655365467072, -0.31472083926200867, -0.18136055767536163, -0.9316969513893127, 0.9150704145431519, 0.2028181552886963, -0.3485843241214752","0.13896092772483826, -0.08874092996120453, 0.4958976209163666",-1
1,171,2,1.0,"-0.9528865814208984, -0.30226266384124756, -0.02538549154996872, -0.0843324065208435, 0.3443875312805176, -0.9350322484970093, 0.2913677990436554, -0.888839066028595, -0.3536527752876282","0.11272291094064713, -0.09997406601905823, 0.4815236032009125",-1
1,171,3,1.0,"-0.7966059446334839, 0.3500745892524719, 0.4928150177001953, -0.5239558815956116, -0.8064427375793457, -0.2740810811519623, 0.3014782965183258, -0.4765479564666748, 0.8258408308029175","-0.133258655667305, -0.11431989073753357, 0.5400289297103882",-1
1,171,4,1.0,"-0.9304198622703552, -0.2876713275909424, 0.2270776629447937, -0.2988220751285553, 0.23673279583454132, -0.9244800209999084, 0.21218958497047424, -0.9280102849006653, -0.30622339248657227","0.011597477830946445, -0.13199685513973236, 0.5957782864570618",-1
1,171,5,1.0,"-0.31022313237190247, -0.3936230540275574, -0.8653453588485718, 0.9263261556625366, -0.32980677485466003, -0.182064026594162, -0.21373212337493896, -0.8580725789070129, 0.46693700551986694","-0.18280328810214996, -0.020522665232419968, 0.43180063366889954",-1
1,171,7,1.0,"0.2707964777946472, 0.8968607187271118, -0.34972867369651794, -0.4571232199668884, -0.19992226362228394, -0.8666427731513977, -0.8471763134002686, 0.3945528566837311, 0.3558375835418701","0.04835638403892517, -0.0719568058848381, 0.40505316853523254",-1
1,171,8,1.0,"0.2377321422100067, -0.9666301608085632, 0.09544405341148376, -0.30785316228866577, -0.16817744076251984, -0.9364520907402039, 0.9212545156478882, 0.19324205815792084, -0.33756136894226074","0.14025293290615082, -0.08827033638954163, 0.49655699729919434",-1
1,172,2,1.0,"-0.9563950300216675, -0.2915620505809784, -0.0173257477581501, -0.08861251175403595, 0.34617140889167786, -0.9339771866798401, 0.2783099412918091, -0.8917158246040344, -0.35691264271736145","0.11241007596254349, -0.09920144081115723, 0.4796580970287323",-1
1,172,3,1.0,"-0.7995222210884094, 0.3495311141014099, 0.4884590804576874, -0.5221723318099976, -0.8063665628433228, -0.2776860296726227, 0.2968170940876007, -0.47707599401474, 0.8272233009338379","-0.13222256302833557, -0.11374195665121078, 0.5389179587364197",-1
1,172,4,1.0,"-0.9481213092803955, -0.2206079065799713, 0.22890648245811462, -0.28486955165863037, 0.2699276804924011, -0.9197763204574585, 0.14112171530723572, -0.9372679591178894, -0.3187686502933502","0.00940993893891573, -0.131462961435318, 0.594441294670105",-1
1,172,5,1.0,"-0.214109867811203, -0.9767495393753052, 0.01082893181592226, -0.3199504017829895, 0.05965213105082512, -0.9455546140670776, 0.9229239225387573, -0.20591728389263153, -0.3252835273742676","0.04827410727739334, -0.08142329007387161, 0.3991439640522003",-1
1,172,7,1.0,"-0.23312267661094666, -0.4060424864292145, -0.883619487285614, 0.9716159701347351, -0.13482369482517242, -0.19438405334949493, -0.04020465910434723, -0.9038540720939636, 0.42594778537750244","-0.1864643394947052, -0.018695387989282608, 0.44592249393463135",-1
1,172,8,1.0,"0.2281591296195984, -0.9687425494194031, 0.09737201780080795, -0.3108212947845459, -0.1672494262456894, -0.9356377720832825, 0.9226774573326111, 0.18320900201797485, -0.3392653167247772","0.14040611684322357, -0.08815960586071014, 0.49498090147972107",-1
1,173,2,1.0,"-0.9568222761154175, -0.29005181789398193, -0.019006673246622086, -0.08683232218027115, 0.3476200997829437, -0.9336062073707581, 0.27740126848220825, -0.8916447758674622, -0.35779649019241333","0.11262255162000656, -0.09858129173517227, 0.4792655110359192",-1
1,173,3,1.0,"-0.8084414005279541, 0.3394705057144165, 0.4808143973350525, -0.5069282054901123, -0.8166972994804382, -0.275734543800354, 0.29907599091529846, -0.4666535556316376, 0.8323389291763306","-0.13166294991970062, -0.11239901930093765, 0.5367788076400757",-1
1,173,4,1.0,"-0.9411601424217224, -0.26130059361457825, 0.21433544158935547, -0.2852124869823456, 0.27387166023254395, -0.9185032844543457, 0.18130503594875336, -0.9255897998809814, -0.33228325843811035","0.010058834217488766, -0.13088776171207428, 0.5922303795814514",-1
1,173,5,1.0,"-0.31764596700668335, -0.3977644145488739, -0.8607465624809265, 0.9222475290298462, -0.3405649662017822, -0.1829616129398346, -0.22036445140838623, -0.8519382476806641, 0.4750162959098816","-0.1803119033575058, -0.019533609971404076, 0.42763540148735046",-1
1,173,7,1.0,"-0.22663772106170654, -0.9739281535148621, 0.009968641214072704, -0.33287152647972107, 0.06783401221036911, -0.9405291080474854, 0.9153315424919128, -0.2164776623249054, -0.33956673741340637","0.04716365411877632, -0.07988966256380081, 0.40043872594833374",-1
1,173,8,1.0,"0.11394432187080383, -0.7891348600387573, -0.6035586595535278, -0.7938458323478699, -0.4375971555709839, 0.42227694392204285, -0.5973489284515381, 0.4310164451599121, -0.676313042640686","0.19389238953590393, -0.11978045850992203, 0.6362801790237427",-1
1,174,2,1.0,"-0.9536353349685669, -0.2997707426548004, -0.02678093872964382, -0.07779258489608765, 0.33147525787353516, -0.940251350402832, 0.2907370328903198, -0.8945736289024353, -0.3394264280796051","0.11563143134117126, -0.10024172067642212, 0.48747748136520386",-1
1,174,3,1.0,"-0.7952499389648438, 0.35553881525993347, 0.4910902976989746, -0.5289099216461182, -0.8027880191802979, -0.2752920389175415, 0.296364426612854, -0.4786685109138489, 0.8264650702476501","-0.13324952125549316, -0.11364017426967621, 0.5423537492752075",-1
1,174,4,1.0,"-0.9202805161476135, -0.3480718731880188, 0.1786896139383316, -0.26148319244384766, 0.20741233229637146, -0.9426594972610474, 0.2910507619380951, -0.9142352938652039, -0.28189241886138916","0.010504595935344696, -0.13057386875152588, 0.5880659818649292",-1
1,174,5,1.0,"-0.2996261715888977, -0.40095728635787964, -0.86571204662323, 0.9311392903327942, -0.3205886483192444, -0.1737891435623169, -0.2078554630279541, -0.858170211315155, 0.46940380334854126","-0.178812637925148, -0.018406830728054047, 0.42362329363822937",-1
