{
  "0": {
    "cam_K": [
      1483.5806884765625,
      0.0,
      952.5692779530509,
      0.0,
      1466.7305908203125,
      534.3258637738545,
      0.0,
      0.0,
      1.0
    ],
    "cam_R_w2c": [
      -0.03399067744612693,
      0.2981605529785157,
      -0.9539103507995604,
      0.999273955821991,
      -0.0062985373660922085,
      -0.03757581487298012,
      -0.017211860045790676,
      -0.9544949531555177,
      -0.2977299988269806
    ],
    "cam_t_w2c": [
      510.2061500408087,
      285.3393528657385,
      125.19060269857577
    ]
  },
  "164": {
    "cam_K": [
      1483.5806884765625,
      0.0,
      952.5692779530509,
      0.0,
      1466.7305908203125,
      534.3258637738545,
      0.0,
      0.0,
      1.0
    ],
    "cam_R_w2c": [
      -0.16010530292987823,
      0.2463124841451645,
      -0.9558746814727783,
      0.9870989322662355,
      0.03857169300317765,
      -0.15539598464965826,
      -0.00140626879874617,
      -0.9684226512908934,
      -0.24931032955646512
    ],
    "cam_t_w2c": [
      520.6781656054308,
      -42.366498476492104,
      140.4851934145211
    ]
  },
  "504": {
    "cam_K": [
      1483.5806884765625,
      0.0,
      952.5692779530509,
      0.0,
      1466.7305908203125,
      534.3258637738545,
      0.0,
      0.0,
      1.0
    ],
    "cam_R_w2c": [
      -0.000703660771250725,
      0.3645111620426178,
      -0.9311987757682801,
      0.9999930262565614,
      0.003676940454170108,
      0.0006836624816060067,
      0.0036731688305735597,
      -0.9311918020248413,
      -0.36451116204261785
    ],
    "cam_t_w2c": [
      309.3955133230821,
      219.77650466565927,
      188.6425995937442
    ]
  },
  "700": {
    "cam_K": [
      1483.5806884765625,
      0.0,
      952.5692779530509,
      0.0,
      1466.7305908203125,
      534.3258637738545,
      0.0,
      0.0,
      1.0
    ],
    "cam_R_w2c": [
      0.033457159996032715,
      0.7703003883361815,
      -0.6368029117584229,
      0.9986111521720885,
      0.00018125376664101305,
      0.05268554389476775,
      0.04069910198450089,
      -0.637681186199188,
      -0.7692244648933412
    ],
    "cam_t_w2c": [
      452.39815614010047,
      -83.38610299487598,
      454.42276394065686
    ]
  },
  "6135": {
    "cam_K": [
      1483.5806884765625,
      0.0,
      952.5692779530509,
      0.0,
      1466.7305908203125,
      534.3258637738545,
      0.0,
      0.0,
      1.0
    ],
    "cam_R_w2c": [
      -0.9997427463531494,
      -0.021635279059410095,
      -0.0068040816113352776,
      -0.020953379571437832,
      0.9959017634391785,
      -0.08798024058341981,
      0.008679688908159733,
      -0.0878150463104248,
      -0.9960989356040956
    ],
    "cam_t_w2c": [
      -34.796516417628645,
      243.38985532634663,
      744.678449672829
    ]
  },
  "1420": {
    "cam_K": [
      1483.5806884765625,
      0.0,
      952.5692779530509,
      0.0,
      1466.7305908203125,
      534.3258637738545,
      0.0,
      0.0,
      1.0
    ],
    "cam_R_w2c": [
      0.020136049017310143,
      0.976529359817505,
      -0.2144408226013184,
      0.9997642636299133,
      -0.02140666358172893,
      -0.0036043960135430106,
      -0.008110261522233488,
      -0.21431772410869604,
      -0.976730287075043
    ],
    "cam_t_w2c": [
      184.3878193526555,
      116.25005125374499,
      828.6066708778693
    ]
  },
  "4311": {
    "cam_K": [
      1483.5806884765625,
      0.0,
      952.5692779530509,
      0.0,
      1466.7305908203125,
      534.3258637738545,
      0.0,
      0.0,
      1.0
    ],
    "cam_R_w2c": [
      -0.024319479241967194,
      -0.6055132746696472,
      0.7954635024070739,
      -0.9977293610572815,
      -0.03528876230120659,
      -0.05736539885401727,
      0.06280644237995148,
      -0.795052409172058,
      -0.603280246257782
    ],
    "cam_t_w2c": [
      -544.9008092548492,
      193.9875067922364,
      397.71108961325143
    ]
  }
}