{
  "img_0001.png": {
    "K": [
      [
        2282.23,
        0.0,
        1185.69
      ],
      [
        0.0,
        2288.54,
        949.444
      ],
      [
        0.0,
        0.0,
        1.0
      ]
    ],
    "img_size": [
      2353,
      1973
    ],
    "W2C": [
      [
        -0.7657694782969998,
        0.643114408901612,
        0.0009814132009375374,
        9.1e-05
      ],
      [
        0.0008071827691603156,
        -0.0005649022811027903,
        0.9999995146705773,
        -0.049955
      ],
      [
        0.643114651181823,
        0.7657698988263661,
        -8.652594437523947e-05,
        0.299892
      ],
      [
        0.0,
        0.0,
        0.0,
        1.0
      ]
    ]
  },
  "img_0002.png": {
    "K": [
      [
        2282.23,
        0.0,
        1185.69
      ],
      [
        0.0,
        2288.54,
        949.444
      ],
      [
        0.0,
        0.0,
        1.0
      ]
    ],
    "img_size": [
      2353,
      1973
    ],
    "W2C": [
      [
        -0.8656930081810834,
        0.5005752778474408,
        -8.242781287497644e-05,
        0.000196
      ],
      [
        0.00022175005557272968,
        0.0005481598538335168,
        0.9999998251738286,
        -0.049875
      ],
      [
        0.5005752355173992,
        0.8656928385569168,
        -0.000585540748510239,
        0.300093
      ],
      [
        0.0,
        0.0,
        0.0,
        1.0
      ]
    ]
  },
  "img_0003.png": {
    "K": [
      [
        2282.23,
        0.0,
        1185.69
      ],
      [
        0.0,
        2288.54,
        949.444
      ],
      [
        0.0,
        0.0,
        1.0
      ]
    ],
    "img_size": [
      2353,
      1973
    ],
    "W2C": [
      [
        -0.9399594454475285,
        0.34128466853086104,
        -0.0010079383685766303,
        -0.000224
      ],
      [
        -0.0006550936863668814,
        0.0011491169244654004,
        0.9999991251908954,
        -0.049794
      ],
      [
        0.3412855282109639,
        0.939959283456509,
        -0.0008565498754664701,
        0.300055
      ],
      [
        0.0,
        0.0,
        0.0,
        1.0
      ]
    ]
  },
  "img_0004.png": {
    "K": [
      [
        2282.23,
        0.0,
        1185.69
      ],
      [
        0.0,
        2288.54,
        949.444
      ],
      [
        0.0,
        0.0,
        1.0
      ]
    ],
    "img_size": [
      2353,
      1973
    ],
    "W2C": [
      [
        -0.9848363536428686,
        0.17348470608758917,
        -0.0006428818874874013,
        6.2e-05
      ],
      [
        -0.0005630871486847315,
        0.0005091688479795019,
        0.9999997118399321,
        -0.049789
      ],
      [
        0.17348498343165453,
        0.984836431850887,
        -0.00040376098314140224,
        0.300051
      ],
      [
        0.0,
        0.0,
        0.0,
        1.0
      ]
    ]
  },
  "img_0005.png": {
    "K": [
      [
        2282.23,
        0.0,
        1185.69
      ],
      [
        0.0,
        2288.54,
        949.444
      ],
      [
        0.0,
        0.0,
        1.0
      ]
    ],
    "img_size": [
      2353,
      1973
    ],
    "W2C": [
      [
        -0.0006410086267716208,
        5.49022679443769e-05,
        -0.9999997930468194,
        0.050009
      ],
      [
        -0.99999974804678,
        -0.00030501774136193634,
        0.0006409918517570154,
        -0.000181
      ],
      [
        -0.0003049824863311304,
        0.9999999519749583,
        5.5097773115055656e-05,
        0.300051
      ],
      [
        0.0,
        0.0,
        0.0,
        1.0
      ]
    ]
  },
  "img_0006.png": {
    "K": [
      [
        2282.23,
        0.0,
        1185.69
      ],
      [
        0.0,
        2288.54,
        949.444
      ],
      [
        0.0,
        0.0,
        1.0
      ]
    ],
    "img_size": [
      2353,
      1973
    ],
    "W2C": [
      [
        0.0010726406896660085,
        0.00033849722432099043,
        -0.9999993674305904,
        0.050168
      ],
      [
        -0.984894800852958,
        -0.17315018890186548,
        -0.001115049802115683,
        0.000206
      ],
      [
        -0.17315045681361566,
        0.9848953738864236,
        0.00014765621829739936,
        0.299949
      ],
      [
        0.0,
        0.0,
        0.0,
        1.0
      ]
    ]
  },
  "img_0007.png": {
    "K": [
      [
        2282.23,
        0.0,
        1185.69
      ],
      [
        0.0,
        2288.54,
        949.444
      ],
      [
        0.0,
        0.0,
        1.0
      ]
    ],
    "img_size": [
      2353,
      1973
    ],
    "W2C": [
      [
        -0.00043139595800099385,
        -0.0012518085789856677,
        -0.9999991234360204,
        0.049776
      ],
      [
        -0.9398202767208456,
        -0.3416681918828147,
        0.0008331385726894095,
        9.1e-05
      ],
      [
        -0.34166893531879755,
        0.9398198123208563,
        -0.0010290808081480879,
        0.300085
      ],
      [
        0.0,
        0.0,
        0.0,
        1.0
      ]
    ]
  },
  "img_0008.png": {
    "K": [
      [
        2282.23,
        0.0,
        1185.69
      ],
      [
        0.0,
        2288.54,
        949.444
      ],
      [
        0.0,
        0.0,
        1.0
      ]
    ],
    "img_size": [
      2353,
      1973
    ],
    "W2C": [
      [
        0.00022293294224769254,
        0.0012594685545236595,
        -0.9999991820195976,
        0.050337
      ],
      [
        -0.8662939211912568,
        -0.4995339487697413,
        -0.0008222734256985151,
        0.000146
      ],
      [
        -0.49953457578828353,
        0.8662933958916403,
        0.0009797073797635448,
        0.299939
      ],
      [
        0.0,
        0.0,
        0.0,
        1.0
      ]
    ]
  },
  "img_0009.png": {
    "K": [
      [
        2282.23,
        0.0,
        1185.69
      ],
      [
        0.0,
        2288.54,
        949.444
      ],
      [
        0.0,
        0.0,
        1.0
      ]
    ],
    "img_size": [
      2353,
      1973
    ],
    "W2C": [
      [
        -2.3900143944261985e-05,
        -0.0013419379981331407,
        -0.9999990993151908,
        0.04981
      ],
      [
        -0.7664842039117641,
        -0.6422625556639906,
        0.0008801964038076029,
        0.00018
      ],
      [
        -0.6422631583568631,
        0.7664835345879056,
        -0.001013224110667636,
        0.299975
      ],
      [
        0.0,
        0.0,
        0.0,
        1.0
      ]
    ]
  },
  "img_0010.png": {
    "K": [
      [
        2282.23,
        0.0,
        1185.69
      ],
      [
        0.0,
        2288.54,
        949.444
      ],
      [
        0.0,
        0.0,
        1.0
      ]
    ],
    "img_size": [
      2353,
      1973
    ],
    "W2C": [
      [
        4.7697574972004315e-05,
        -0.0007368127254919531,
        -0.9999997274159372,
        0.050002
      ],
      [
        -0.6431479139498871,
        -0.7657417816246449,
        0.0005335318387305024,
        0.000181
      ],
      [
        -0.7657419660086873,
        0.643147713189841,
        -0.0005104035934100962,
        0.299979
      ],
      [
        0.0,
        0.0,
        0.0,
        1.0
      ]
    ]
  },
  "img_0011.png": {
    "K": [
      [
        2282.23,
        0.0,
        1185.69
      ],
      [
        0.0,
        2288.54,
        949.444
      ],
      [
        0.0,
        0.0,
        1.0
      ]
    ],
    "img_size": [
      2353,
      1973
    ],
    "W2C": [
      [
        0.0001984310130779085,
        -5.174067699676765e-05,
        -0.9999999789740176,
        0.050015
      ],
      [
        -0.5002883631953328,
        -0.8658588514787329,
        -5.447260472612602e-05,
        8.8e-05
      ],
      [
        -0.8658588304547504,
        0.5002883634853326,
        -0.00019769850768673055,
        0.299975
      ],
      [
        0.0,
        0.0,
        0.0,
        1.0
      ]
    ]
  },
  "img_0012.png": {
    "K": [
      [
        2282.23,
        0.0,
        1185.69
      ],
      [
        0.0,
        2288.54,
        949.444
      ],
      [
        0.0,
        0.0,
        1.0
      ]
    ],
    "img_size": [
      2353,
      1973
    ],
    "W2C": [
      [
        0.000672214126848776,
        -0.0008941461584364062,
        -0.9999993743152117,
        0.049736
      ],
      [
        -0.3423827653703839,
        -0.9395603599227457,
        0.0006099501364090701,
        0.00018
      ],
      [
        -0.9395603174386922,
        0.3423821411295976,
        -0.0009377259813379433,
        0.300062
      ],
      [
        0.0,
        0.0,
        0.0,
        1.0
      ]
    ]
  },
  "img_0013.png": {
    "K": [
      [
        2282.23,
        0.0,
        1185.69
      ],
      [
        0.0,
        2288.54,
        949.444
      ],
      [
        0.0,
        0.0,
        1.0
      ]
    ],
    "img_size": [
      2353,
      1973
    ],
    "W2C": [
      [
        -0.0006555977520400716,
        -0.0002967173776241474,
        0.9999997410751591,
        -0.049709
      ],
      [
        -0.3424928762484661,
        0.939520423821469,
        5.423449066505025e-05,
        0.000203
      ],
      [
        -0.9395201966486086,
        -0.34249275201254237,
        -0.0007175710659484893,
        0.300077
      ],
      [
        0.0,
        0.0,
        0.0,
        1.0
      ]
    ]
  },
  "img_0014.png": {
    "K": [
      [
        2282.23,
        0.0,
        1185.69
      ],
      [
        0.0,
        2288.54,
        949.444
      ],
      [
        0.0,
        0.0,
        1.0
      ]
    ],
    "img_size": [
      2353,
      1973
    ],
    "W2C": [
      [
        -0.0005181455818654191,
        -0.0008428369502183133,
        0.9999995105753959,
        -0.049725
      ],
      [
        -0.4994592581889132,
        0.8663372479595378,
        0.00047138866668758946,
        -0.00026
      ],
      [
        -0.8663372212565594,
        -0.4994587694933084,
        -0.0008698515353659225,
        0.300034
      ],
      [
        0.0,
        0.0,
        0.0,
        1.0
      ]
    ]
  },
  "img_0015.png": {
    "K": [
      [
        2282.23,
        0.0,
        1185.69
      ],
      [
        0.0,
        2288.54,
        949.444
      ],
      [
        0.0,
        0.0,
        1.0
      ]
    ],
    "img_size": [
      2353,
      1973
    ],
    "W2C": [
      [
        0.00045193615138032224,
        0.00042911268619964495,
        0.9999998058079901,
        -0.050207
      ],
      [
        -0.6421470314768346,
        0.7665814949923271,
        -3.874039400426153e-05,
        -0.000218
      ],
      [
        -0.7665813627523203,
        -0.6421468892688272,
        0.0006219993281783659,
        0.300009
      ],
      [
        0.0,
        0.0,
        0.0,
        1.0
      ]
    ]
  },
  "img_0016.png": {
    "K": [
      [
        2282.23,
        0.0,
        1185.69
      ],
      [
        0.0,
        2288.54,
        949.444
      ],
      [
        0.0,
        0.0,
        1.0
      ]
    ],
    "img_size": [
      2353,
      1973
    ],
    "W2C": [
      [
        0.7656858744138626,
        -0.643214572852077,
        -0.00039369251761300423,
        0.000171
      ],
      [
        -2.1631002066654333e-05,
        -0.0006378197999367196,
        0.9999997963589803,
        -0.049869
      ],
      [
        -0.6432146929720884,
        -0.7656857099728469,
        -0.0005022829869877212,
        0.299984
      ],
      [
        0.0,
        0.0,
        0.0,
        1.0
      ]
    ]
  },
  "img_0017.png": {
    "K": [
      [
        2282.23,
        0.0,
        1185.69
      ],
      [
        0.0,
        2288.54,
        949.444
      ],
      [
        0.0,
        0.0,
        1.0
      ]
    ],
    "img_size": [
      2353,
      1973
    ],
    "W2C": [
      [
        0.8664286215172566,
        -0.49930043192773366,
        0.0007228364160331537,
        -0.000269
      ],
      [
        -0.0003537077352536335,
        0.0008339139872126086,
        0.9999995897390654,
        -0.050281
      ],
      [
        -0.4993008298676698,
        -0.8664285217282727,
        0.0005459205214162458,
        0.300012
      ],
      [
        0.0,
        0.0,
        0.0,
        1.0
      ]
    ]
  },
  "img_0018.png": {
    "K": [
      [
        2282.23,
        0.0,
        1185.69
      ],
      [
        0.0,
        2288.54,
        949.444
      ],
      [
        0.0,
        0.0,
        1.0
      ]
    ],
    "img_size": [
      2353,
      1973
    ],
    "W2C": [
      [
        0.9398097133521012,
        -0.34169821703098635,
        -0.00017654145882329574,
        -7e-06
      ],
      [
        -1.7765573756048518e-05,
        -0.0005655215032241806,
        0.9999998399348943,
        -0.049753
      ],
      [
        -0.3416982621750162,
        -0.9398095597849996,
        -0.0005375530667165369,
        0.30013
      ],
      [
        0.0,
        0.0,
        0.0,
        1.0
      ]
    ]
  },
  "img_0019.png": {
    "K": [
      [
        2282.23,
        0.0,
        1185.69
      ],
      [
        0.0,
        2288.54,
        949.444
      ],
      [
        0.0,
        0.0,
        1.0
      ]
    ],
    "img_size": [
      2353,
      1973
    ],
    "W2C": [
      [
        0.984982480101837,
        -0.17265173129320174,
        0.0009452903756508438,
        -0.000396
      ],
      [
        -0.0010666087592671298,
        -0.00060990572226349,
        0.9999992451800974,
        -0.049714
      ],
      [
        -0.17265102443422942,
        -0.9849827448724521,
        -0.0007848982998433652,
        0.300096
      ],
      [
        0.0,
        0.0,
        0.0,
        1.0
      ]
    ]
  },
  "img_0020.png": {
    "K": [
      [
        2282.23,
        0.0,
        1185.69
      ],
      [
        0.0,
        2288.54,
        949.444
      ],
      [
        0.0,
        0.0,
        1.0
      ]
    ],
    "img_size": [
      2353,
      1973
    ],
    "W2C": [
      [
        0.9999996016223265,
        -0.000244683101632189,
        -0.0008584202750507965,
        0.00011
      ],
      [
        0.000858434115039463,
        5.6463502762603154e-05,
        0.9999996299513032,
        -0.049945
      ],
      [
        -0.00024463454167195423,
        -0.999999968471026,
        5.6673524590629675e-05,
        0.300015
      ],
      [
        0.0,
        0.0,
        0.0,
        1.0
      ]
    ]
  },
  "img_0021.png": {
    "K": [
      [
        2282.23,
        0.0,
        1185.69
      ],
      [
        0.0,
        2288.54,
        949.444
      ],
      [
        0.0,
        0.0,
        1.0
      ]
    ],
    "img_size": [
      2353,
      1973
    ],
    "W2C": [
      [
        0.9846970922208725,
        0.1742722421565801,
        0.0009067444382758042,
        -0.000209
      ],
      [
        -0.001051476877768839,
        0.0007381699603976821,
        0.9999991747504018,
        -0.050229
      ],
      [
        0.17427142900697626,
        -0.9846972330208039,
        0.0009101170466329779,
        0.299988
      ],
      [
        0.0,
        0.0,
        0.0,
        1.0
      ]
    ]
  },
  "img_0022.png": {
    "K": [
      [
        2282.23,
        0.0,
        1185.69
      ],
      [
        0.0,
        2288.54,
        949.444
      ],
      [
        0.0,
        0.0,
        1.0
      ]
    ],
    "img_size": [
      2353,
      1973
    ],
    "W2C": [
      [
        0.9398644419634158,
        0.34154723544101473,
        0.0005627569612000094,
        0.000148
      ],
      [
        -0.0008383898813793615,
        0.0006593998532753197,
        0.9999994311469586,
        -0.050258
      ],
      [
        0.34154667006897327,
        -0.9398643791284113,
        0.0009060962213361897,
        0.300046
      ],
      [
        0.0,
        0.0,
        0.0,
        1.0
      ]
    ]
  },
  "img_0023.png": {
    "K": [
      [
        2282.23,
        0.0,
        1185.69
      ],
      [
        0.0,
        2288.54,
        949.444
      ],
      [
        0.0,
        0.0,
        1.0
      ]
    ],
    "img_size": [
      2353,
      1973
    ],
    "W2C": [
      [
        0.8662263138411246,
        0.4996508506151503,
        0.0010003443278029222,
        1.1e-05
      ],
      [
        -0.0011854138051957605,
        5.302304052302978e-05,
        0.999999295991086,
        -0.050229
      ],
      [
        0.49965044581519974,
        -0.8662268898320542,
        0.000638222969037898,
        0.299903
      ],
      [
        0.0,
        0.0,
        0.0,
        1.0
      ]
    ]
  },
  "img_0024.png": {
    "K": [
      [
        2282.23,
        0.0,
        1185.69
      ],
      [
        0.0,
        2288.54,
        949.444
      ],
      [
        0.0,
        0.0,
        1.0
      ]
    ],
    "img_size": [
      2353,
      1973
    ],
    "W2C": [
      [
        0.765715654833346,
        0.6431789852058587,
        0.0005735265485612564,
        -0.000165
      ],
      [
        -0.00047091234893256224,
        -0.0003310765755760818,
        0.9999998343149166,
        -0.049925
      ],
      [
        0.6431790685219007,
        -0.765715798046418,
        4.937040984012792e-05,
        0.299998
      ],
      [
        0.0,
        0.0,
        0.0,
        1.0
      ]
    ]
  },
  "img_0025.png": {
    "K": [
      [
        2282.23,
        0.0,
        1185.69
      ],
      [
        0.0,
        2288.54,
        949.444
      ],
      [
        0.0,
        0.0,
        1.0
      ]
    ],
    "img_size": [
      2353,
      1973
    ],
    "W2C": [
      [
        -0.8137033052116491,
        -0.2960348921831363,
        0.5002502110921656,
        -0.024987
      ],
      [
        0.3422119622477887,
        -0.939622593489872,
        0.0005955651807246201,
        0.000264
      ],
      [
        0.46987009266621277,
        0.17167621970874516,
        0.8658806913220543,
        0.256706
      ],
      [
        0.0,
        0.0,
        0.0,
        1.0
      ]
    ]
  },
  "img_0026.png": {
    "K": [
      [
        2282.23,
        0.0,
        1185.69
      ],
      [
        0.0,
        2288.54,
        949.444
      ],
      [
        0.0,
        0.0,
        1.0
      ]
    ],
    "img_size": [
      2353,
      1973
    ],
    "W2C": [
      [
        -0.749959758946441,
        -0.4323093539030378,
        0.5006685355491535,
        -0.024724
      ],
      [
        0.4997232547069277,
        -0.8661848989266283,
        0.0006241607015644527,
        1.1e-05
      ],
      [
        0.4334016943507616,
        0.25066380552326323,
        0.8656388553747368,
        0.256823
      ],
      [
        0.0,
        0.0,
        0.0,
        1.0
      ]
    ]
  },
  "img_0027.png": {
    "K": [
      [
        2282.23,
        0.0,
        1185.69
      ],
      [
        0.0,
        2288.54,
        949.444
      ],
      [
        0.0,
        0.0,
        1.0
      ]
    ],
    "img_size": [
      2353,
      1973
    ],
    "W2C": [
      [
        -0.6637278280173583,
        -0.5557425976879924,
        0.5006151570122126,
        -0.024698
      ],
      [
        0.6420015247836727,
        -0.7667033583911584,
        4.906279753023151e-05,
        -0.000172
      ],
      [
        0.3837960558562312,
        0.3214282584756994,
        0.8656699499015081,
        0.256768
      ],
      [
        0.0,
        0.0,
        0.0,
        1.0
      ]
    ]
  },
  "img_0028.png": {
    "K": [
      [
        2282.23,
        0.0,
        1185.69
      ],
      [
        0.0,
        2288.54,
        949.444
      ],
      [
        0.0,
        0.0,
        1.0
      ]
    ],
    "img_size": [
      2353,
      1973
    ],
    "W2C": [
      [
        -0.9394900008227348,
        0.3425763212433415,
        -4.977425584460691e-05,
        2.8e-05
      ],
      [
        -0.29671785855200583,
        -0.8136539522964413,
        0.4999257528160479,
        -0.025116
      ],
      [
        0.17122222627453917,
        0.46969001483506045,
        0.8660682647423534,
        0.25667
      ],
      [
        0.0,
        0.0,
        0.0,
        1.0
      ]
    ]
  },
  "img_0029.png": {
    "K": [
      [
        2282.23,
        0.0,
        1185.69
      ],
      [
        0.0,
        2288.54,
        949.444
      ],
      [
        0.0,
        0.0,
        1.0
      ]
    ],
    "img_size": [
      2353,
      1973
    ],
    "W2C": [
      [
        -0.9846672879178883,
        0.17444252398301147,
        0.00037139045134573025,
        0.000338
      ],
      [
        -0.15083336805645484,
        -0.8524674996788674,
        0.5005481565963527,
        -0.024787
      ],
      [
        0.08763348210117472,
        0.4928173777553885,
        0.8657086143715599,
        0.256696
      ],
      [
        0.0,
        0.0,
        0.0,
        1.0
      ]
    ]
  },
  "img_0030.png": {
    "K": [
      [
        2282.23,
        0.0,
        1185.69
      ],
      [
        0.0,
        2288.54,
        949.444
      ],
      [
        0.0,
        0.0,
        1.0
      ]
    ],
    "img_size": [
      2353,
      1973
    ],
    "W2C": [
      [
        -0.9999994215915552,
        0.0010684662495672053,
        0.0001232737947879328,
        0.000203
      ],
      [
        -0.0008631852357221179,
        -0.865637374187621,
        0.5006707414267478,
        -0.024779
      ],
      [
        0.0006416601933866392,
        0.5006703454264433,
        0.8656377957799452,
        0.256597
      ],
      [
        0.0,
        0.0,
        0.0,
        1.0
      ]
    ]
  },
  "img_0031.png": {
    "K": [
      [
        2282.23,
        0.0,
        1185.69
      ],
      [
        0.0,
        2288.54,
        949.444
      ],
      [
        0.0,
        0.0,
        1.0
      ]
    ],
    "img_size": [
      2353,
      1973
    ],
    "W2C": [
      [
        -0.9848765154138456,
        -0.1732567108257252,
        0.0006012820740395464,
        0.000231
      ],
      [
        0.15033883902172676,
        -0.8528647355398001,
        0.5000199759551874,
        -0.024976
      ],
      [
        -0.0861190041040934,
        0.49254832760499545,
        0.8660136616160518,
        0.256691
      ],
      [
        0.0,
        0.0,
        0.0,
        1.0
      ]
    ]
  },
  "img_0032.png": {
    "K": [
      [
        2282.23,
        0.0,
        1185.69
      ],
      [
        0.0,
        2288.54,
        949.444
      ],
      [
        0.0,
        0.0,
        1.0
      ]
    ],
    "img_size": [
      2353,
      1973
    ],
    "W2C": [
      [
        -0.2961491246612628,
        0.8132894021867559,
        -0.5008553126932734,
        0.024635
      ],
      [
        -0.9398216109731581,
        -0.3416643278558953,
        0.0009091856778540588,
        0.000332
      ],
      [
        -0.17038496268798287,
        0.4709839013825082,
        0.8655305477730559,
        0.25673
      ],
      [
        0.0,
        0.0,
        0.0,
        1.0
      ]
    ]
  },
  "img_0033.png": {
    "K": [
      [
        2282.23,
        0.0,
        1185.69
      ],
      [
        0.0,
        2288.54,
        949.444
      ],
      [
        0.0,
        0.0,
        1.0
      ]
    ],
    "img_size": [
      2353,
      1973
    ],
    "W2C": [
      [
        -0.4339243762541785,
        0.749485089178406,
        -0.49998173645810184,
        0.024997
      ],
      [
        -0.8654371183115807,
        -0.5010175554478983,
        5.815117559557428e-05,
        -0.00014
      ],
      [
        -0.25045604392980647,
        0.4327279864213186,
        0.8660359460361803,
        0.256735
      ],
      [
        0.0,
        0.0,
        0.0,
        1.0
      ]
    ]
  },
  "img_0034.png": {
    "K": [
      [
        2282.23,
        0.0,
        1185.69
      ],
      [
        0.0,
        2288.54,
        949.444
      ],
      [
        0.0,
        0.0,
        1.0
      ]
    ],
    "img_size": [
      2353,
      1973
    ],
    "W2C": [
      [
        -0.5567286732706506,
        0.6633896803716717,
        -0.49996731526638044,
        0.025029
      ],
      [
        -0.7663079360714088,
        -0.6424729222445823,
        0.0008314424119848538,
        0.000275
      ],
      [
        -0.32066389175003573,
        0.3835918092958686,
        0.8660438743902316,
        0.256726
      ],
      [
        0.0,
        0.0,
        0.0,
        1.0
      ]
    ]
  },
  "img_0035.png": {
    "K": [
      [
        2282.23,
        0.0,
        1185.69
      ],
      [
        0.0,
        2288.54,
        949.444
      ],
      [
        0.0,
        0.0,
        1.0
      ]
    ],
    "img_size": [
      2353,
      1973
    ],
    "W2C": [
      [
        -0.6626389422995578,
        0.5570317292641258,
        -0.5006248942483196,
        0.024659
      ],
      [
        -0.6435849511693078,
        -0.7653746447262019,
        0.0002526630965493906,
        0.000203
      ],
      [
        -0.3830248592148078,
        0.3223620725260002,
        0.8656642833224776,
        0.256702
      ],
      [
        0.0,
        0.0,
        0.0,
        1.0
      ]
    ]
  },
  "img_0036.png": {
    "K": [
      [
        2282.23,
        0.0,
        1185.69
      ],
      [
        0.0,
        2288.54,
        949.444
      ],
      [
        0.0,
        0.0,
        1.0
      ]
    ],
    "img_size": [
      2353,
      1973
    ],
    "W2C": [
      [
        -0.7498039846003937,
        0.43270093641024693,
        -0.5005635666996434,
        0.024835
      ],
      [
        -0.5001792817026921,
        -0.8659215862393098,
        0.0007018833071732786,
        0.000175
      ],
      [
        -0.4331450921258971,
        0.2508978001388082,
        0.8656994992794874,
        0.256796
      ],
      [
        0.0,
        0.0,
        0.0,
        1.0
      ]
    ]
  },
  "img_0037.png": {
    "K": [
      [
        2282.23,
        0.0,
        1185.69
      ],
      [
        0.0,
        2288.54,
        949.444
      ],
      [
        0.0,
        0.0,
        1.0
      ]
    ],
    "img_size": [
      2353,
      1973
    ],
    "W2C": [
      [
        -0.8138144939800733,
        0.29706083988668447,
        -0.4994605357721217,
        0.025105
      ],
      [
        -0.34275252125405054,
        -0.9394256978741284,
        -0.00025951435114569653,
        0.000161
      ],
      [
        -0.46928315392942543,
        0.1709801613624354,
        0.8663366007843178,
        0.256645
      ],
      [
        0.0,
        0.0,
        0.0,
        1.0
      ]
    ]
  },
  "img_0038.png": {
    "K": [
      [
        2282.23,
        0.0,
        1185.69
      ],
      [
        0.0,
        2288.54,
        949.444
      ],
      [
        0.0,
        0.0,
        1.0
      ]
    ],
    "img_size": [
      2353,
      1973
    ],
    "W2C": [
      [
        -0.8525177591562114,
        0.15119888908220655,
        -0.5003522421890193,
        0.02498
      ],
      [
        -0.1748010789891592,
        -0.9846037237736962,
        0.00029985862855911997,
        0.000245
      ],
      [
        -0.49260334256630667,
        0.08771774661536852,
        0.8658218892019445,
        0.256751
      ],
      [
        0.0,
        0.0,
        0.0,
        1.0
      ]
    ]
  },
  "img_0039.png": {
    "K": [
      [
        2282.23,
        0.0,
        1185.69
      ],
      [
        0.0,
        2288.54,
        949.444
      ],
      [
        0.0,
        0.0,
        1.0
      ]
    ],
    "img_size": [
      2353,
      1973
    ],
    "W2C": [
      [
        -0.8657902673473271,
        0.00024619434876277076,
        -0.5004069867167992,
        0.02489
      ],
      [
        -0.000619220511129685,
        -0.9999996404480751,
        0.000579370071423239,
        0.000256
      ],
      [
        -0.5004066641568663,
        0.0008114752391182079,
        0.8657901084993602,
        0.256649
      ],
      [
        0.0,
        0.0,
        0.0,
        1.0
      ]
    ]
  },
  "img_0040.png": {
    "K": [
      [
        2282.23,
        0.0,
        1185.69
      ],
      [
        0.0,
        2288.54,
        949.444
      ],
      [
        0.0,
        0.0,
        1.0
      ]
    ],
    "img_size": [
      2353,
      1973
    ],
    "W2C": [
      [
        -0.8530188061650613,
        -0.1495819910343652,
        -0.4999841440355171,
        0.024952
      ],
      [
        0.1726250059543782,
        -0.9849876035123679,
        0.0001680660979153663,
        0.000266
      ],
      [
        -0.49250332348927817,
        -0.08616640229902524,
        0.8660345417284798,
        0.256728
      ],
      [
        0.0,
        0.0,
        0.0,
        1.0
      ]
    ]
  },
  "img_0041.png": {
    "K": [
      [
        2282.23,
        0.0,
        1185.69
      ],
      [
        0.0,
        2288.54,
        949.444
      ],
      [
        0.0,
        0.0,
        1.0
      ]
    ],
    "img_size": [
      2353,
      1973
    ],
    "W2C": [
      [
        -0.8135276392369537,
        -0.29565089780914244,
        -0.5007627450421976,
        0.024855
      ],
      [
        0.34134227585370575,
        -0.9399389806291243,
        0.0004042386614832425,
        0.000225
      ],
      [
        -0.470805937635202,
        -0.17060263573148793,
        0.8655844902543643,
        0.256756
      ],
      [
        0.0,
        0.0,
        0.0,
        1.0
      ]
    ]
  },
  "img_0042.png": {
    "K": [
      [
        2282.23,
        0.0,
        1185.69
      ],
      [
        0.0,
        2288.54,
        949.444
      ],
      [
        0.0,
        0.0,
        1.0
      ]
    ],
    "img_size": [
      2353,
      1973
    ],
    "W2C": [
      [
        -0.7504057854461119,
        -0.4323943153239781,
        -0.4999263078139738,
        0.025089
      ],
      [
        0.4994794477161341,
        -0.8663256265242181,
        -0.0004360465645694658,
        -0.000158
      ],
      [
        -0.4329104277771436,
        -0.25003012799046653,
        0.8660678360376175,
        0.25663
      ],
      [
        0.0,
        0.0,
        0.0,
        1.0
      ]
    ]
  },
  "img_0043.png": {
    "K": [
      [
        2282.23,
        0.0,
        1185.69
      ],
      [
        0.0,
        2288.54,
        949.444
      ],
      [
        0.0,
        0.0,
        1.0
      ]
    ],
    "img_size": [
      2353,
      1973
    ],
    "W2C": [
      [
        0.6627273320346934,
        0.5568384262383546,
        0.5007229278139457,
        -0.02465
      ],
      [
        -0.642816246599028,
        0.7660196614528881,
        -0.0010730218731537533,
        -0.000272
      ],
      [
        -0.38416110745690385,
        -0.32116171212022654,
        0.8656069536374403,
        0.256674
      ],
      [
        0.0,
        0.0,
        0.0,
        1.0
      ]
    ]
  },
  "img_0044.png": {
    "K": [
      [
        2282.23,
        0.0,
        1185.69
      ],
      [
        0.0,
        2288.54,
        949.444
      ],
      [
        0.0,
        0.0,
        1.0
      ]
    ],
    "img_size": [
      2353,
      1973
    ],
    "W2C": [
      [
        0.7664821093248472,
        -0.642265651355941,
        -9.577714399381011e-05,
        -0.000182
      ],
      [
        0.5562220176435148,
        0.6637227560350629,
        0.5000891622598891,
        -0.024936
      ],
      [
        -0.3211265220649178,
        -0.38336266929573204,
        0.8659739145129839,
        0.256596
      ],
      [
        0.0,
        0.0,
        0.0,
        1.0
      ]
    ]
  },
  "img_0045.png": {
    "K": [
      [
        2282.23,
        0.0,
        1185.69
      ],
      [
        0.0,
        2288.54,
        949.444
      ],
      [
        0.0,
        0.0,
        1.0
      ]
    ],
    "img_size": [
      2353,
      1973
    ],
    "W2C": [
      [
        0.866289285688269,
        -0.4995425206219083,
        0.0003789359037941085,
        0.000102
      ],
      [
        0.4324364661144116,
        0.7502956219433716,
        0.50005517942232,
        -0.025007
      ],
      [
        -0.2500831387282802,
        -0.4330285784833601,
        0.8659934606799825,
        0.256634
      ],
      [
        0.0,
        0.0,
        0.0,
        1.0
      ]
    ]
  },
  "img_0046.png": {
    "K": [
      [
        2282.23,
        0.0,
        1185.69
      ],
      [
        0.0,
        2288.54,
        949.444
      ],
      [
        0.0,
        0.0,
        1.0
      ]
    ],
    "img_size": [
      2353,
      1973
    ],
    "W2C": [
      [
        0.9397608169184728,
        -0.34183199105551765,
        0.0007048941374888973,
        0.00019
      ],
      [
        0.29567175426968,
        0.8138889820628583,
        0.5001629120634339,
        -0.025008
      ],
      [
        -0.17154538965479227,
        -0.4698250895468491,
        0.8659310391252185,
        0.256661
      ],
      [
        0.0,
        0.0,
        0.0,
        1.0
      ]
    ]
  },
  "img_0047.png": {
    "K": [
      [
        2282.23,
        0.0,
        1185.69
      ],
      [
        0.0,
        2288.54,
        949.444
      ],
      [
        0.0,
        0.0,
        1.0
      ]
    ],
    "img_size": [
      2353,
      1973
    ],
    "W2C": [
      [
        0.9847078794695882,
        -0.17421220993533407,
        0.0007057052887780294,
        0.00016
      ],
      [
        0.1505433362978717,
        0.852947865899995,
        0.49981660832044206,
        -0.025075
      ],
      [
        -0.08767608571790504,
        -0.49206711327428837,
        0.8661309716359851,
        0.256594
      ],
      [
        0.0,
        0.0,
        0.0,
        1.0
      ]
    ]
  },
  "img_0048.png": {
    "K": [
      [
        2282.23,
        0.0,
        1185.69
      ],
      [
        0.0,
        2288.54,
        949.444
      ],
      [
        0.0,
        0.0,
        1.0
      ]
    ],
    "img_size": [
      2353,
      1973
    ],
    "W2C": [
      [
        0.999999702766207,
        -0.0005389781486658579,
        0.0005513347920609262,
        0.000149
      ],
      [
        0.00019128559079234904,
        0.8661486417695428,
        0.49978644816621337,
        -0.02513
      ],
      [
        -0.0007469118558647748,
        -0.4997861941503903,
        0.8661484874196502,
        0.256728
      ],
      [
        0.0,
        0.0,
        0.0,
        1.0
      ]
    ]
  },
  "img_0049.png": {
    "K": [
      [
        2282.23,
        0.0,
        1185.69
      ],
      [
        0.0,
        2288.54,
        949.444
      ],
      [
        0.0,
        0.0,
        1.0
      ]
    ],
    "img_size": [
      2353,
      1973
    ],
    "W2C": [
      [
        0.9848445426831669,
        0.17343921530641224,
        0.0002556190133594999,
        0.0
      ],
      [
        -0.15040718486888432,
        0.8533253949868771,
        0.4992128293727111,
        -0.025264
      ],
      [
        0.08636495520175573,
        -0.49168547758133585,
        0.8664793625058894,
        0.256668
      ],
      [
        0.0,
        0.0,
        0.0,
        1.0
      ]
    ]
  },
  "img_0050.png": {
    "K": [
      [
        2282.23,
        0.0,
        1185.69
      ],
      [
        0.0,
        2288.54,
        949.444
      ],
      [
        0.0,
        0.0,
        1.0
      ]
    ],
    "img_size": [
      2353,
      1973
    ],
    "W2C": [
      [
        0.9394461503432816,
        0.3426963775148847,
        0.00035134507776701833,
        1.9e-05
      ],
      [
        -0.2968247256071866,
        0.8131832461793234,
        0.5006276963987074,
        -0.024875
      ],
      [
        0.1712775901085908,
        -0.47041705004329254,
        0.865662628369251,
        0.256722
      ],
      [
        0.0,
        0.0,
        0.0,
        1.0
      ]
    ]
  },
  "img_0051.png": {
    "K": [
      [
        2282.23,
        0.0,
        1185.69
      ],
      [
        0.0,
        2288.54,
        949.444
      ],
      [
        0.0,
        0.0,
        1.0
      ]
    ],
    "img_size": [
      2353,
      1973
    ],
    "W2C": [
      [
        0.6641300277661777,
        -0.5561837336237861,
        -0.49959079322141364,
        0.025151
      ],
      [
        0.6423925529127026,
        0.7663753707751523,
        0.0007739712839142409,
        7.6e-05
      ],
      [
        0.3824436091525083,
        -0.3214474226394623,
        0.8662611848033192,
        0.256736
      ],
      [
        0.0,
        0.0,
        0.0,
        1.0
      ]
    ]
  },
  "img_0052.png": {
    "K": [
      [
        2282.23,
        0.0,
        1185.69
      ],
      [
        0.0,
        2288.54,
        949.444
      ],
      [
        0.0,
        0.0,
        1.0
      ]
    ],
    "img_size": [
      2353,
      1973
    ],
    "W2C": [
      [
        0.7501219969446948,
        -0.433401619652887,
        -0.49947975512722975,
        0.025265
      ],
      [
        0.49974323523439546,
        0.8661729404908891,
        -0.0010658324569976785,
        -0.000236
      ],
      [
        0.43309778172736324,
        -0.2488121243903138,
        0.8663249033816448,
        0.256619
      ],
      [
        0.0,
        0.0,
        0.0,
        1.0
      ]
    ]
  },
  "img_0053.png": {
    "K": [
      [
        2282.23,
        0.0,
        1185.69
      ],
      [
        0.0,
        2288.54,
        949.444
      ],
      [
        0.0,
        0.0,
        1.0
      ]
    ],
    "img_size": [
      2353,
      1973
    ],
    "W2C": [
      [
        0.8142368480001693,
        -0.29539613657456404,
        -0.4997594199768232,
        0.025095
      ],
      [
        0.3409462959969719,
        0.9400827590092055,
        -0.00017163794886164218,
        -0.000291
      ],
      [
        0.46986591555963547,
        -0.17025136918821465,
        0.8661642411718715,
        0.256621
      ],
      [
        0.0,
        0.0,
        0.0,
        1.0
      ]
    ]
  },
  "img_0054.png": {
    "K": [
      [
        2282.23,
        0.0,
        1185.69
      ],
      [
        0.0,
        2288.54,
        949.444
      ],
      [
        0.0,
        0.0,
        1.0
      ]
    ],
    "img_size": [
      2353,
      1973
    ],
    "W2C": [
      [
        -0.9398699817558138,
        -0.0009453750308692805,
        -0.34153114595945316,
        0.016892
      ],
      [
        -0.0009731177382174406,
        0.9999995224622178,
        -9.009552691265573e-05,
        -4.5e-05
      ],
      [
        0.3415310680394887,
        0.0002476719350511954,
        -0.939870452893599,
        0.346981
      ],
      [
        0.0,
        0.0,
        0.0,
        1.0
      ]
    ]
  },
  "img_0055.png": {
    "K": [
      [
        2282.23,
        0.0,
        1185.69
      ],
      [
        0.0,
        2288.54,
        949.444
      ],
      [
        0.0,
        0.0,
        1.0
      ]
    ],
    "img_size": [
      2353,
      1973
    ],
    "W2C": [
      [
        -0.9252469102824116,
        -0.16258862476011365,
        -0.342758069360104,
        0.017377
      ],
      [
        -0.1732396069700754,
        0.9848795981587442,
        0.0004644432411911737,
        -9.2e-05
      ],
      [
        0.3374999164291818,
        0.05980899789567994,
        -0.9394235946478084,
        0.347052
      ],
      [
        0.0,
        0.0,
        0.0,
        1.0
      ]
    ]
  },
  "img_0056.png": {
    "K": [
      [
        2282.23,
        0.0,
        1185.69
      ],
      [
        0.0,
        2288.54,
        949.444
