{
  "1": {
    "cam_K": [
      2282.23,
      0.0,
      1185.69,
      0.0,
      2288.54,
      949.444,
      0.0,
      0.0,
      1.0
    ],
    "cam_R_w2c": [
      -0.7657694782969999,
      0.0008071827691603341,
      0.6431146511818231,
      0.6431144089016119,
      -0.0005649022811027983,
      0.7657698988263663,
      0.000981413200937518,
      0.9999995146705771,
      -8.652594437523376e-05
    ],
    "cam_t_w2c": [
      -178.84997862806745,
      -213.1623887175301,
      -0.01778258194623736
    ]
  },
  "2": {
    "cam_K": [
      2282.23,
      0.0,
      1185.69,
      0.0,
      2288.54,
      949.444,
      0.0,
      0.0,
      1.0
    ],
    "cam_R_w2c": [
      -0.8656930081810832,
      0.00022175005557273462,
      0.5005752355173992,
      0.5005752778474407,
      0.0005481598538335074,
      0.8656928385569169,
      -8.242781287498542e-05,
      0.9999998251738283,
      -0.0005855407485102447
    ],
    "cam_t_w2c": [
      -139.21492138004518,
      -241.1134197151521,
      0.04706498065614168
    ]
  },
  "3": {
    "cam_K": [
      2282.23,
      0.0,
      1185.69,
      0.0,
      2288.54,
      949.444,
      0.0,
      0.0,
      1.0
    ],
    "cam_R_w2c": [
      -0.9399594454475287,
      -0.0006550936863668877,
      0.341285528210964,
      0.34128466853086115,
      0.0011491169244653855,
      0.9399592834565094,
      -0.0010079383685766296,
      0.9999991251908952,
      -0.0008565498754664865
    ],
    "cam_t_w2c": [
      -95.24280870869308,
      -261.56969812785627,
      0.04708225578157501
    ]
  },
  "4": {
    "cam_K": [
      2282.23,
      0.0,
      1185.69,
      0.0,
      2288.54,
      949.444,
      0.0,
      0.0,
      1.0
    ],
    "cam_R_w2c": [
      -0.9848363536428687,
      -0.0005630871486847336,
      0.17348498343165458,
      0.1734847060875892,
      0.0005091688479795011,
      0.9848364318508873,
      -0.0006428818874873995,
      0.9999997118399322,
      -0.0004037609831414036
    ],
    "cam_t_w2c": [
      -48.26860531795353,
      -274.17075586451944,
      -0.08334576377698
    ]
  },
  "5": {
    "cam_K": [
      2282.23,
      0.0,
      1185.69,
      0.0,
      2288.54,
      949.444,
      0.0,
      0.0,
      1.0
    ],
    "cam_R_w2c": [
      -0.0006410086267716643,
      -0.9999997480467798,
      -0.00030498248633114915,
      5.4902267944327435e-05,
      -0.0003050177413619173,
      0.9999999519749578,
      -0.9999997930468192,
      0.0006409918517569715,
      5.509777311510509e-05
    ],
    "cam_t_w2c": [
      -0.05329032028050991,
      -278.40851058957907,
      -0.006890741190868305
    ]
  },
  "6": {
    "cam_K": [
      2282.23,
      0.0,
      1185.69,
      0.0,
      2288.54,
      949.444,
      0.0,
      0.0,
      1.0
    ],
    "cam_R_w2c": [
      0.0010726406896659772,
      -0.9848948008529572,
      -0.17315045681361546,
      0.0003384972243209798,
      -0.17315018890186534,
      0.9848953738864228,
      -0.9999993674305894,
      -0.0011150498021157136,
      0.0001476562182974041
    ],
    "cam_t_w2c": [
      48.32804787547283,
      -274.0901562347208,
      0.11497011145408974
    ]
  },
  "7": {
    "cam_K": [
      2282.23,
      0.0,
      1185.69,
      0.0,
      2288.54,
      949.444,
      0.0,
      0.0,
      1.0
    ],
    "cam_R_w2c": [
      -0.00043139595800096404,
      -0.9398202767208457,
      -0.34166893531879755,
      -0.0012518085789856607,
      -0.34166819188281483,
      0.9398198123208564,
      -0.9999991234360203,
      0.00083313857268944,
      -0.0010290808081480844
    ],
    "cam_t_w2c": [
      95.23271305723247,
      -261.59438913671204,
      0.07858273730125878
    ]
  },
  "8": {
    "cam_K": [
      2282.23,
      0.0,
      1185.69,
      0.0,
      2288.54,
      949.444,
      0.0,
      0.0,
      1.0
    ],
    "cam_R_w2c": [
      0.00022293294224767868,
      -0.8662939211912564,
      -0.4995345757882832,
      0.001259468554523658,
      -0.49953394876974094,
      0.8662933958916398,
      -0.9999991820195967,
      -0.0008222734256985264,
      0.0009797073797635377
    ],
    "cam_t_w2c": [
      139.12841655009288,
      -241.08234236845126,
      0.0401081581907625
    ]
  },
  "9": {
    "cam_K": [
      2282.23,
      0.0,
      1185.69,
      0.0,
      2288.54,
      949.444,
      0.0,
      0.0,
      1.0
    ],
    "cam_R_w2c": [
      -2.3900143944244994e-05,
      -0.7664842039117638,
      -0.6422631583568628,
      -0.0013419379981331107,
      -0.6422625556639902,
      0.7664835345879052,
      -0.9999990993151903,
      0.0008801964038076341,
      -0.0010132241106676468
    ],
    "cam_t_w2c": [
      178.89369708905187,
      -213.17021940231848,
      0.10553373031191329
    ]
  },
  "10": {
    "cam_K": [
      2282.23,
      0.0,
      1185.69,
      0.0,
      2288.54,
      949.444,
      0.0,
      0.0,
      1.0
    ],
    "cam_R_w2c": [
      4.7697574971974255e-05,
      -0.6431479139498875,
      -0.7657419660086874,
      -0.0007368127254919548,
      -0.7657417816246451,
      0.6431477131898412,
      -0.9999997274159372,
      0.0005335318387304819,
      -0.0005104035934101182
    ],
    "cam_t_w2c": [
      213.24174357450838,
      -178.85038257106984,
      0.14381876113952138
    ]
  },
  "11": {
    "cam_K": [
      2282.23,
      0.0,
      1185.69,
      0.0,
      2288.54,
      949.444,
      0.0,
      0.0,
      1.0
    ],
    "cam_R_w2c": [
      0.00019843101307790884,
      -0.5002883631953327,
      -0.86585883045475,
      -5.1740676996766924e-05,
      -0.8658588514787326,
      0.5002883634853323,
      -0.9999999789740173,
      -5.4472604726125196e-05,
      -0.00019769850768673047
    ],
    "cam_t_w2c": [
      241.03081144715836,
      -139.17486549257728,
      0.06894789698151994
    ]
  },
  "12": {
    "cam_K": [
      2282.23,
      0.0,
      1185.69,
      0.0,
      2288.54,
      949.444,
      0.0,
      0.0,
      1.0
    ],
    "cam_R_w2c": [
      0.0006722141268487605,
      -0.3423827653703841,
      -0.9395603174386925,
      -0.0008941461584364219,
      -0.939560359922746,
      0.34238214112959764,
      -0.9999993743152118,
      0.0006099501364090503,
      -0.0009377259813379528
    ],
    "cam_t_w2c": [
      261.61491073160613,
      -95.126527273851,
      0.01599172345896987
    ]
  },
  "13": {
    "cam_K": [
      2282.23,
      0.0,
      1185.69,
      0.0,
      2288.54,
      949.444,
      0.0,
      0.0,
      1.0
    ],
    "cam_R_w2c": [
      -0.0006555977520400765,
      -0.3424928762484661,
      -0.9395201966486089,
      -0.0002967173776241411,
      0.9395204238214692,
      -0.34249275201254253,
      0.9999997410751593,
      5.4234490665057944e-05,
      -0.0007175710659484872
    ],
    "cam_t_w2c": [
      261.624927343227,
      95.16962410949203,
      -0.07023665642067158
    ]
  },
  "14": {
    "cam_K": [
      2282.23,
      0.0,
      1185.69,
      0.0,
      2288.54,
      949.444,
      0.0,
      0.0,
      1.0
    ],
    "cam_R_w2c": [
      -0.0005181455818654171,
      -0.499459258188913,
      -0.8663372212565592,
      -0.0008428369502183113,
      0.8663372479595376,
      -0.4994587694933084,
      0.9999995105753958,
      0.0004713886666875899,
      -0.0008698515353659252
    ],
    "cam_t_w2c": [
      241.03535252614506,
      139.21451453554212,
      -0.01291281442741764
    ]
  },
  "15": {
    "cam_K": [
      2282.23,
      0.0,
      1185.69,
      0.0,
      2288.54,
      949.444,
      0.0,
      0.0,
      1.0
    ],
    "cam_R_w2c": [
      0.00045193615138030955,
      -0.6421470314768344,
      -0.76658136275232,
      0.0004291126861996717,
      0.766581494992327,
      -0.6421468892688272,
      0.99999980580799,
      -3.87403940042329e-05,
      0.0006219993281783585
    ],
    "cam_t_w2c": [
      213.28208362247832,
      178.92752394872025,
      0.018906495290045573
    ]
  },
  "16": {
    "cam_K": [
      2282.23,
      0.0,
      1185.69,
      0.0,
      2288.54,
      949.444,
      0.0,
      0.0,
      1.0
    ],
    "cam_R_w2c": [
      0.7656858744138628,
      -2.163100206666176e-05,
      -0.6432146929720888,
      -0.6432145728520773,
      -0.0006378197999367575,
      -0.7656857099728472,
      -0.000393692517612986,
      0.9999997963589808,
      -0.0005022829869876879
    ],
    "cam_t_w2c": [
      178.91230712894898,
      213.1963806393303,
      0.018310452753259498
    ]
  },
  "17": {
    "cam_K": [
      2282.23,
      0.0,
      1185.69,
      0.0,
      2288.54,
      949.444,
      0.0,
      0.0,
      1.0
    ],
    "cam_R_w2c": [
      0.8664286215172573,
      -0.0003537077352536235,
      -0.49930082986767016,
      -0.49930043192773393,
      0.0008339139872125863,
      -0.8664285217282731,
      0.0007228364160331746,
      0.9999995897390661,
      0.0005459205214162604
    ],
    "cam_t_w2c": [
      139.18999580736954,
      241.10176353297635,
      0.10892274915789922
    ]
  },
  "18": {
    "cam_K": [
      2282.23,
      0.0,
      1185.69,
      0.0,
      2288.54,
      949.444,
      0.0,
      0.0,
      1.0
    ],
    "cam_R_w2c": [
      0.9398097133521008,
      -1.776557375605626e-05,
      -0.3416982621750161,
      -0.3416982170309862,
      -0.0005655215032241734,
      -0.9398095597849992,
      -0.00017654145882330533,
      0.9999998399348938,
      -0.0005375530667165405
    ],
    "cam_t_w2c": [
      95.16115164229666,
      261.6891130372618,
      -0.07949309124711794
    ]
  },
  "19": {
    "cam_K": [
      2282.23,
      0.0,
      1185.69,
      0.0,
      2288.54,
      949.444,
      0.0,
      0.0,
      1.0
    ],
    "cam_R_w2c": [
      0.9849824801018371,
      -0.0010666087592671272,
      -0.17265102443422944,
      -0.17265173129320172,
      -0.0006099057222634974,
      -0.984982744872452,
      0.0009452903756508478,
      0.9999992451800974,
      -0.0007848982998433584
    ],
    "cam_t_w2c": [
      48.38699220390038,
      274.1745875721022,
      -0.04650291311638655
    ]
  },
  "20": {
    "cam_K": [
      2282.23,
      0.0,
      1185.69,
      0.0,
      2288.54,
      949.444,
      0.0,
      0.0,
      1.0
    ],
    "cam_R_w2c": [
      0.999999601622326,
      0.0008584341150394628,
      -0.0002446345416719542,
      -0.00024468310163218887,
      5.646350276261379e-05,
      -0.9999999684710257,
      -0.0008584202750507961,
      0.9999996299513029,
      5.667352459061899e-05
    ],
    "cam_t_w2c": [
      0.005816365867259406,
      278.3751549892431,
      -0.0667382970645359
    ]
  },
  "21": {
    "cam_K": [
      2282.23,
      0.0,
      1185.69,
      0.0,
      2288.54,
      949.444,
      0.0,
      0.0,
      1.0
    ],
    "cam_R_w2c": [
      0.9846970922208729,
      -0.0010514768777688422,
      0.17427142900697634,
      0.17427224215658021,
      0.0007381699603976897,
      -0.9846972330208045,
      0.000906744438275803,
      0.9999991747504022,
      0.0009101170466329707
    ],
    "cam_t_w2c": [
      -48.366060455132384,
      274.156181675785,
      -0.040710998490300195
    ]
  },
  "22": {
    "cam_K": [
      2282.23,
      0.0,
      1185.69,
      0.0,
      2288.54,
      949.444,
      0.0,
      0.0,
      1.0
    ],
    "cam_R_w2c": [
      0.9398644419634157,
      -0.0008383898813793633,
      0.34154667006897327,
      0.3415472354410146,
      0.0006593998532752997,
      -0.9398643791284109,
      0.0005627569612000006,
      0.9999994311469581,
      0.0009060962213362074
    ],
    "cam_t_w2c": [
      -95.25519389013746,
      261.64329866964994,
      -0.012973760348248986
    ]
  },
  "23": {
    "cam_K": [
      2282.23,
      0.0,
      1185.69,
      0.0,
      2288.54,
      949.444,
      0.0,
      0.0,
      1.0
    ],
    "cam_R_w2c": [
      0.8662263138411246,
      -0.0011854138051957748,
      0.4996504458151998,
      0.4996508506151504,
      5.3023040523000195e-05,
      -0.8662268898320543,
      0.0010003443278028953,
      0.999999295991086,
      0.0006382229690379166
    ],
    "cam_t_w2c": [
      -139.1011188741779,
      241.0411168039063,
      0.034839967374908506
    ]
  },
  "24": {
    "cam_K": [
      2282.23,
      0.0,
      1185.69,
      0.0,
      2288.54,
      949.444,
      0.0,
      0.0,
      1.0
    ],
    "cam_R_w2c": [
      0.7657156548333461,
      -0.00047091234893256094,
      0.6431790685219004,
      0.6431789852058586,
      -0.0003310765755760853,
      -0.765715798046418,
      0.0005735265485612551,
      0.9999998343149167,
      4.9370409840131366e-05
    ],
    "cam_t_w2c": [
      -178.93781958469182,
      213.22529211451726,
      -0.08325210759959141
    ]
  },
  "25": {
    "cam_K": [
      2282.23,
      0.0,
      1185.69,
      0.0,
      2288.54,
      949.444,
      0.0,
      0.0,
      1.0
    ],
    "cam_R_w2c": [
      -0.8137033052116495,
      0.3422119622477888,
      0.46987009266621305,
      -0.2960348921831364,
      -0.9396225934898722,
      0.17167621970874522,
      0.5002502110921658,
      0.0005955651807246624,
      0.8658806913220549
    ],
    "cam_t_w2c": [
      -130.86641973463557,
      -47.5244235056892,
      -241.03737183675952
    ]
  },
  "26": {
    "cam_K": [
      2282.23,
      0.0,
      1185.69,
      0.0,
      2288.54,
      949.444,
      0.0,
      0.0,
      1.0
    ],
    "cam_R_w2c": [
      -0.7499597589464412,
      0.49972325470692797,
      0.43340169435076165,
      -0.43230935390303793,
      -0.8661848989266288,
      0.25066380552326334,
      0.5006685355491536,
      0.0006241607015644078,
      0.865638855374737
    ],
    "cam_t_w2c": [
      -120.48754539263896,
      -69.64079384400074,
      -241.18608194781677
    ]
  },
  "27": {
    "cam_K": [
      2282.23,
      0.0,
      1185.69,
      0.0,
      2288.54,
      949.444,
      0.0,
      0.0,
      1.0
    ],
    "cam_R_w2c": [
      -0.6637278280173583,
      0.6420015247836727,
      0.3837960558562313,
      -0.5557425976879924,
      -0.7667033583911584,
      0.3214282584756994,
      0.5006151570122126,
      4.9062797530231396e-05,
      0.8656699499015081
    ],
    "cam_t_w2c": [
      -106.5453478039199,
      -89.43670743223804,
      -241.16260180837696
    ]
  },
  "28": {
    "cam_K": [
      2282.23,
      0.0,
      1185.69,
      0.0,
      2288.54,
      949.444,
      0.0,
      0.0,
      1.0
    ],
    "cam_R_w2c": [
      -0.9394900008227349,
      -0.2967178585520059,
      0.17122222627453915,
      0.3425763212433415,
      -0.8136539522964413,
      0.4696900148350604,
      -4.977425584459248e-05,
      0.4999257528160479,
      0.8660682647423534
    ],
    "cam_t_w2c": [
      -47.66767583478141,
      -130.82915722042156,
      -241.00065722653846
    ]
  },
  "29": {
    "cam_K": [
      2282.23,
      0.0,
      1185.69,
      0.0,
      2288.54,
      949.444,
      0.0,
      0.0,
      1.0
    ],
    "cam_R_w2c": [
      -0.9846672879178878,
      -0.15083336805645475,
      0.08763348210117468,
      0.17444252398301135,
      -0.8524674996788668,
      0.4928173777553882,
      0.000371390451345772,
      0.5005481565963524,
      0.8657086143715597
    ],
    "cam_t_w2c": [
      -24.032603641696852,
      -137.03902422792268,
      -241.07430343198402
    ]
  },
  "30": {
    "cam_K": [
      2282.23,
      0.0,
      1185.69,
      0.0,
      2288.54,
      949.444,
      0.0,
      0.0,
      1.0
    ],
    "cam_R_w2c": [
      -0.9999994215915553,
      -0.0008631852357221175,
      0.0006416601933866392,
      0.0010684662495672056,
      -0.8656373741876209,
      0.5006703454264434,
      0.00012327379478793278,
      0.500670741426748,
      0.8656377957799454
    ],
    "cam_t_w2c": [
      0.015739263019766005,
      -139.10540163308247,
      -240.9787237714992
    ]
  },
  "31": {
    "cam_K": [
      2282.23,
      0.0,
      1185.69,
      0.0,
      2288.54,
      949.444,
      0.0,
      0.0,
      1.0
    ],
    "cam_R_w2c": [
      -0.9848765154138451,
      0.15033883902172665,
      -0.08611900410409339,
      -0.17325671082572514,
      -0.8528647355397999,
      0.4925483276049954,
      0.000601282074039589,
      0.5000199759551874,
      0.8660136616160516
    ],
    "cam_t_w2c": [
      24.20638210997046,
      -137.0395132185822,
      -241.06741493191862
    ]
  },
  "32": {
    "cam_K": [
      2282.23,
      0.0,
      1185.69,
      0.0,
      2288.54,
      949.444,
      0.0,
      0.0,
      1.0
    ],
    "cam_R_w2c": [
      -0.29614912466126303,
      -0.9398216109731584,
      -0.17038496268798292,
      0.8132894021867562,
      -0.3416643278558954,
      0.4709839013825083,
      -0.5008553126932735,
      0.0009091856778540332,
      0.8655305477730562
    ],
    "cam_t_w2c": [
      47.64625808730833,
      -130.67790453822303,
      -241.12293444686807
    ]
  },
  "33": {
    "cam_K": [
      2282.23,
      0.0,
      1185.69,
      0.0,
      2288.54,
      949.444,
      0.0,
      0.0,
      1.0
    ],
    "cam_R_w2c": [
      -0.43392437625417857,
      -0.8654371183115808,
      -0.25045604392980647,
      0.7494850891784061,
      -0.5010175554478983,
      0.43272798642131866,
      -0.4999817364581019,
      5.815117559548202e-05,
      0.8660359460361804
    ],
    "cam_t_w2c": [
      69.61421979896903,
      -120.53061251776057,
      -241.09908676653424
    ]
  },
  "34": {
    "cam_K": [
      2282.23,
      0.0,
      1185.69,
      0.0,
      2288.54,
      949.444,
      0.0,
      0.0,
      1.0
    ],
    "cam_R_w2c": [
      -0.5567286732706508,
      -0.7663079360714088,
      -0.32066389175003585,
      0.6633896803716719,
      -0.6424729222445824,
      0.3835918092958687,
      -0.4999673152663805,
      0.0008314424119848081,
      0.8660438743902317
    ],
    "cam_t_w2c": [
      89.50885816013992,
      -106.61625482000447,
      -241.07945266015486
    ]
  },
  "35": {
    "cam_K": [
      2282.23,
      0.0,
      1185.69,
      0.0,
      2288.54,
      949.444,
      0.0,
      0.0,
      1.0
    ],
    "cam_R_w2c": [
      -0.6626389422995577,
      -0.6435849511693076,
      -0.38302485921480767,
      0.5570317292641258,
      -0.7653746447262016,
      0.32236207252600013,
      -0.5006248942483195,
      0.0002526630965493772,
      0.8656642833224774
    ],
    "cam_t_w2c": [
      106.51290745535427,
      -89.38230537270589,
      -241.12618765130597
    ]
  },
  "36": {
    "cam_K": [
      2282.23,
      0.0,
      1185.69,
      0.0,
      2288.54,
      949.444,
      0.0,
      0.0,
      1.0
    ],
    "cam_R_w2c": [
      -0.7498039846003934,
      -0.500179281702692,
      -0.43314509212589697,
      0.4327009364102469,
      -0.8659215862393095,
      0.2508978001388082,
      -0.5005635666996432,
      0.0007018833071732107,
      0.865699499279487
    ],
    "cam_t_w2c": [
      120.56531417070538,
      -69.61205239460436,
      -241.12980667204164
    ]
  },
  "37": {
    "cam_K": [
      2282.23,
      0.0,
      1185.69,
      0.0,
      2288.54,
      949.444,
      0.0,
      0.0,
      1.0
    ],
    "cam_R_w2c": [
      -0.8138144939800734,
      -0.34275252125405054,
      -0.4692831539294256,
      0.2970608398866844,
      -0.9394256978741282,
      0.17098016136243543,
      -0.4994605357721217,
      -0.0002595143511457127,
      0.8663366007843181
    ],
    "cam_t_w2c": [
      130.7591130625798,
      -47.495093061843036,
      -241.06036836303025
    ]
  },
  "38": {
    "cam_K": [
      2282.23,
      0.0,
      1185.69,
      0.0,
      2288.54,
      949.444,
      0.0,
      0.0,
      1.0
    ],
    "cam_R_w2c": [
      -0.852517759156211,
      -0.1748010789891591,
      -0.49260334256630656,
      0.1511988890822064,
      -0.9846037237736956,
      0.08771774661536849,
      -0.5003522421890191,
      0.0002998586285591296,
      0.8658218892019443
    ],
    "cam_t_w2c": [
      137.15203560121088,
      -24.177615508600887,
      -241.0603237830174
    ]
  },
  "39": {
    "cam_K": [
      2282.23,
      0.0,
      1185.69,
      0.0,
      2288.54,
      949.444,
      0.0,
      0.0,
      1.0
    ],
    "cam_R_w2c": [
      -0.8657902673473267,
      -0.0006192205111296847,
      -0.5004066641568661,
      0.0002461943487627706,
      -0.9999996404480747,
      0.0008114752391182075,
      -0.5004069867167991,
      0.0005793700714232388,
      0.8657901084993599
    ],
    "cam_t_w2c": [
      139.15939782523864,
      0.03860631749453884,
      -241.01140100166413
    ]
  },
  "40": {
    "cam_K": [
      2282.23,
      0.0,
      1185.69,
      0.0,
      2288.54,
      949.444,
      0.0,
      0.0,
      1.0
    ],
    "cam_R_w2c": [
      -0.8530188061650613,
      0.17262500595437819,
      -0.492503323489278,
      -0.14958199103436523,
      -0.9849876035123679,
      -0.08616640229902524,
      -0.499984144035517,
      0.0001680660979153664,
      0.8660345417284797
    ],
    "cam_t_w2c": [
      137.0248067325041,
      24.231770336553605,
      -241.11399674295197
    ]
  },
  "41": {
    "cam_K": [
      2282.23,
      0.0,
      1185.69,
      0.0,
      2288.54,
      949.444,
      0.0,
      0.0,
      1.0
    ],
    "cam_R_w2c": [
      -0.8135276392369537,
      0.3413422758537057,
      -0.4708059376352018,
      -0.29565089780914244,
      -0.9399389806291243,
      -0.1706026357314879,
      -0.5007627450421975,
      0.0004042386614832511,
      0.865584490254364
    ],
    "cam_t_w2c": [
      130.8523684996963,
      47.65790622931732,
      -241.05636550088983
    ]
  },
  "42": {
    "cam_K": [
      2282.23,
      0.0,
      1185.69,
      0.0,
      2288.54,
      949.444,
      0.0,
      0.0,
      1.0
    ],
    "cam_R_w2c": [
      -0.7504057854461119,
      0.4994794477161343,
      -0.43291042777714356,
      -0.43239431532397815,
      -0.8663256265242183,
      -0.25003012799046653,
      -0.49992630781397374,
      -0.00043604656456944945,
      0.8660678360376174
    ],
    "cam_t_w2c": [
      120.62544999792274,
      69.47523942990078,
      -240.98098804656362
    ]
  },
  "43": {
    "cam_K": [
      2282.23,
      0.0,
      1185.69,
      0.0,
      2288.54,
      949.444,
      0.0,
      0.0,
      1.0
    ],
    "cam_R_w2c": [
      0.6627273320346934,
      -0.6428162465990279,
      -0.3841611074569039,
      0.5568384262383546,
      0.766019661452888,
      -0.3211617121202265,
      0.5007229278139457,
      -0.0010730218731537797,
      0.8656069536374403
    ],
    "cam_t_w2c": [
      106.48659512353923,
      89.41647180444947,
      -241.09220565933333
    ]
  },
  "44": {
    "cam_K": [
      2282.23,
      0.0,
      1185.69,
      0.0,
      2288.54,
      949.444,
      0.0,
      0.0,
      1.0
    ],
    "cam_R_w2c": [
      0.7664821093248475,
      0.556222017643515,
      -0.32112652206491793,
      -0.6422656513559414,
      0.6637227560350631,
      -0.3833626692957321,
      -9.57771439939094e-05,
      0.5000891622598892,
      0.8659739145129841
    ],
    "cam_t_w2c": [
      89.45446513752985,
      106.52136672985662,
      -240.9984598077559
    ]
  },
  "45": {
    "cam_K": [
      2282.23,
      0.0,
      1185.69,
      0.0,
      2288.54,
      949.444,
      0.0,
      0.0,
      1.0
    ],
    "cam_R_w2c": [
      0.8662892856882688,
      0.43243646611441156,
      -0.2500831387282802,
      -0.49954252062190835,
      0.7502956219433716,
      -0.4330285784833601,
      0.00037893590379403473,
      0.5000551794223199,
      0.8659934606799823
    ],
    "cam_t_w2c": [
      69.50188776706227,
      120.56959324403607,
      -241.00151054206026
    ]
  },
  "46": {
    "cam_K": [
      2282.23,
      0.0,
      1185.69,
      0.0,
      2288.54,
      949.444,
      0.0,
      0.0,
      1.0
    ],
    "cam_R_w2c": [
      0.9397608169184729,
      0.29567175426968006,
      -0.1715453896547923,
      -0.3418319910555177,
      0.8138889820628583,
      -0.4698250895468492,
      0.0007048941374888935,
      0.5001629120634339,
      0.8659310391252185
    ],
    "cam_t_w2c": [
      47.54793254781135,
      130.8326832253496,
      -241.00546480244464
    ]
  },
  "47": {
    "cam_K": [
      2282.23,
      0.0,
      1185.69,
      0.0,
      2288.54,
      949.444,
      0.0,
      0.0,
      1.0
    ],
    "cam_R_w2c": [
      0.9847078794695876,
      0.15054333629787162,
      -0.08767608571790499,
      -0.174212209935334,
      0.8529478658999949,
      -0.4920671132742882,
      0.0007057052887780158,
      0.4998166083204419,
      0.8661309716359847
    ],
    "cam_t_w2c": [
      24.230632558197925,
      137.02388844781916,
      -240.97617752203945
    ]
  },
  "48": {
    "cam_K": [
      2282.23,
      0.0,
      1185.69,
      0.0,
      2288.54,
      949.444,
      0.0,
      0.0,
      1.0
    ],
    "cam_R_w2c": [
      0.9999997027662069,
      0.00019128559079234907,
      -0.0007469118558647748,
      -0.0005389781486658577,
      0.8661486417695426,
      -0.4997861941503902,
      0.0005513347920609262,
      0.4997864481662133,
      0.8661484874196502
    ],
    "cam_t_w2c": [
      0.044129338329713004,
      139.24936100956208,
      -241.0632068866851
    ]
  },
  "49": {
    "cam_K": [
      2282.23,
      0.0,
      1185.69,
      0.0,
      2288.54,
      949.444,
      0.0,
      0.0,
      1.0
    ],
    "cam_R_w2c": [
      0.9848445426831666,
      -0.15040718486888427,
      0.08636495520175569,
      0.1734392153064122,
      0.853325394986877,
      -0.49168547758133574,
      0.00025561901335949846,
      0.49921282937271105,
      0.8664793625058894
    ],
    "cam_t_w2c": [
      -24.093799823384114,
      137.09935182196534,
      -241.04501569692212
    ]
  },
  "50": {
    "cam_K": [
      2282.23,
      0.0,
      1185.69,
      0.0,
      2288.54,
      949.444,
      0.0,
      0.0,
      1.0
    ],
    "cam_R_w2c": [
      0.9394461503432819,
      -0.2968247256071866,
      0.1712775901085908,
      0.3426963775148848,
      0.8131832461793234,
      -0.4704170500432925,
      0.00035134507776704777,
      0.5006276963987074,
      0.8656626283692509
    ],
    "cam_t_w2c": [
      -47.66621090854649,
      130.8172499933278,
      -241.04141736773428
    ]
  },
  "51": {
    "cam_K": [
      2282.23,
      0.0,
      1185.69,
      0.0,
      2288.54,
      949.444,
      0.0,
      0.0,
      1.0
    ],
    "cam_R_w2c": [
      0.6641300277661777,
      0.6423925529127028,
      0.38244360915250836,
      -0.5561837336237861,
      0.7663753707751524,
      -0.32144742263946224,
      -0.4995907932214137,
      0.0007739712839143081,
      0.8662611848033193
    ],
    "cam_t_w2c": [
      -106.64790188483111,
      89.49921130480857,
      -241.09128838784227
    ]
  },
  "52": {
    "cam_K": [
      2282.23,
      0.0,
      1185.69,
      0.0,
      2288.54,
      949.444,
      0.0,
      0.0,
      1.0
    ],
    "cam_R_w2c": [
      0.750121996944695,
      0.49974323523439546,
      0.4330977817273633,
      -0.43340161965288704,
      0.8661729404908891,
      -0.24881212439031383,
      -0.49947975512722975,
      -0.001065832456997734,
      0.8663249033816448
    ],
    "cam_t_w2c": [
      -120.59887687803652,
      69.59357339239173,
      -240.96235600493975
    ]
  },
  "53": {
    "cam_K": [
      2282.23,
      0.0,
      1185.69,
      0.0,
      2288.54,
      949.444,
      0.0,
      0.0,
      1.0
    ],
    "cam_R_w2c": [
      0.8142368480001694,
      0.34094629599697185,
      0.46986591555963536,
      -0.29539613657456404,
      0.9400827590092051,
      -0.1702513691882146,
      -0.4997594199768231,
      -0.00017163794886162462,
      0.8661642411718712
    ],
    "cam_t_w2c": [
      -130.7464462408626,
      47.67040180931827,
      -240.99779581707062
    ]
  },
  "54": {
    "cam_K": [
      2282.23,
      0.0,
      1185.69,
      0.0,
      2288.54,
      949.444,
      0.0,
      0.0,
      1.0
    ],
    "cam_R_w2c": [
      -0.9398699817558137,
      -0.0009731177382174404,
      0.34153106803948863,
      -0.0009453750308692803,
      0.9999995224622176,
      0.0002476719350511954,
      -0.3415311459594531,
      -9.009552691265582e-05,
      -0.9398704528935988
    ],
    "cam_t_w2c": [
      -95.22513457012874,
      -0.02316704634785098,
      261.5516175999429
    ]
  },
  "55": {
    "cam_K": [
      2282.23,
      0.0,
      1185.69,
      0.0,
      2288.54,
      949.444,
      0.0,
      0.0,
      1.0
    ],
    "cam_R_w2c": [
      -0.9252469102824118,
      -0.17323960697007543,
      0.3374999164291818,
      -0.16258862476011365,
      0.9848795981587443,
      0.059808997895679936,
      -0.34275806936010395,
      0.00046444324119116474,
      -0.9394235946478082
    ],
    "cam_t_w2c": [
      -93.77710559762967,
      -16.553912782970254,
      261.64315804549597
    ]
  },
  "56": {
    "cam_K": [
      2282.23,
      0.0,
      1185.69,
      0.0,
      2288.54,
      949.444,
      0.0,
      0.0,
      1.0
    ],
    "cam_R_w2c": [
      -0.8831566516094403,
      -0.3413041670232904,
      0.3217853232988407,
      -0.32059117614400934,
      0.9399528736871235,
      0.11708925239286067,
      -0.3424260891004105,
      0.00024661682047585567,
      -0.9395447369250397
    ],
    "cam_t_w2c": [
      -89.4080180821551,
      -32.60675692341259,
      261.6081541404119
    ]
  },
  "57": {
    "cam_K": [
      2282.23,
      0.0,
      1185.69,
      0.0,
      2288.54,
      949.444,
      0.0,
      0.0,
      1.0
    ],
    "cam_R_w2c": [
      -0.8135759133592535,
      -0.4998737423330138,
      0.2970193174317865,
      -0.46954925732398456,
      0.8660982859756812,
      0.17145627424064191,
      -0.34295441118048214,
      2.749500553277513e-05,
      -0.939352048539776
    ],
    "cam_t_w2c": [
      -82.46768969210687,
      -47.612917433416726,
      261.5297086962236
    ]
  },
  "58": {
    "cam_K": [
      2282.23,
      0.0,
      1185.69,
      0.0,
      2288.54,
      949.444,
      0.0,
      0.0,
      1.0
    ],
    "cam_R_w2c": [
      -0.719450107831304,
      -0.6436554894817015,
      0.2609581445396873,
      -0.6048705142366733,
      0.7653152208727345,
      0.2200551606020177,
      -0.3413549521371959,
      0.0004728219419877268,
      -0.9399343450958816
    ],
    "cam_t_w2c": [
      -73.03564090794744,
      -61.26167444838166,
      261.6222608159995
    ]
  },
  "59": {
    "cam_K": [
      2282.23,
      0.0,
      1185.69,
      0.0,
      2288.54,
      949.444,
      0.0,
      0.0,
      1.0
    ],
    "cam_R_w2c": [
      -0.6037886541615667,
      -0.7659109510348971,
      0.22095175082036256,
      -0.7196366976317776,
      0.6429462866972143,
      0.26218904600286574,
      -0.3428735693041875,
      -0.0006982170743497494,
      -0.9393813006258556
    ],
    "cam_t_w2c": [
      -61.218870837413064,
      -72.98805379623403,
      261.5907951077741
    ]
  },
  "60": {
    "cam_K": [
      2282.23,
      0.0,
      1185.69,
      0.0,
      2288.54,
      949.444,
      0.0,
      0.0,
      1.0
    ],
    "cam_R_w2c": [
      -0.46937839613391547,
      -0.8662325477763209,
      0.1712457135688269,
      -0.8143605148480302,
      0.4996402892807577,
      0.2952567241975899,
      -0.34132224231538727,
      -0.0008686198158096243,
      -0.9399459412117335
    ],
    "cam_t_w2c": [
      -47.601302330527794,
      -82.51328213134312,
      261.6432377765674
    ]
  },
  "61": {
    "cam_K": [
      2282.23,
      0.0,
      1185.69,
      0.0,
      2288.54,
      949.444,
      0.0,
      0.0,
      1.0
    ],
    "cam_R_w2c": [
      -0.32141659721145244,
      -0.939584640874202,
      0.11777976766112218,
      -0.8831011622118295,
      0.342315536201759,
      0.32086198119287734,
      -0.3417948336899303,
      -0.0008810835370365613,
      -0.9397741831709753
    ],
    "cam_t_w2c": [
      -32.52463199772906,
      -89.39692435446251,
      261.52996143856427
    ]
  },
  "62": {
    "cam_K": [
      2282.23,
      0.0,
      1185.69,
      0.0,
      2288.54,
      949.444,
      0.0,
      0.0,
      1.0
    ],
    "cam_R_w2c": [
      -0.16358445130529767,
      -0.984757358165937,
      0.0591022235553689,
      -0.9253836315442011,
      0.17393328426717422,
      0.33676749708678955,
      -0.3419141145978198,
      0.00039769596239642096,
      -0.9397311211600425
    ],
    "cam_t_w2c": [
      -16.60646367835515,
      -93.84483956153042,
      261.6338847192462
    ]
  },
  "63": {
    "cam_K": [
      2282.23,
      0.0,
      1185.69,
      0.0,
      2288.54,
      949.444,
      0.0,
      0.0,
      1.0
    ],
    "cam_R_w2c": [
      0.00023367177025510215,
      -0.9999999020300557,
      -0.00037594864282127307,
      -0.9393476303051115,
      -0.0003484367865680139,
      0.3429663365871015,
      -0.34296643398104587,
      0.00027300491574236803,
      -0.9393476196971174
    ],
    "cam_t_w2c": [
      0.010602352891689525,
      -95.2911436824795,
      261.6729403462593
    ]
  },
  "64": {
    "cam_K": [
      2282.23,
      0.0,
      1185.69,
      0.0,
      2288.54,
      949.444,
      0.0,
      0.0,
      1.0
    ],
    "cam_R_w2c": [
      0.16279539575048946,
      -0.9848152369532704,
      -0.060304296589171025,
      -0.925287142184972,
      -0.17360337633270803,
      0.3372025685445642,
      -0.3425512569377156,
      0.0009037646581751144,
      -0.9394987065344123
    ],
    "cam_t_w2c": [
      16.56180961481048,
      -93.82386073907323,
      261.511582979633
    ]
  },
  "65": {
    "cam_K": [
      2282.23,
      0.0,
      1185.69,
      0.0,
      2288.54,
      949.444,
      0.0,
      0.0,
      1.0
    ],
    "cam_R_w2c": [
      0.3207830850489211,
      -0.9398413965206974,
      -0.1174579147291567,
      -0.8832877248829507,
      -0.34161029453569614,
      0.321099987135372,
      -0.3419078931782619,
      0.0007456897881588784,
      -0.9397331730492131
    ],
    "cam_t_w2c": [
      32.63246991863034,
      -89.55731582259111,
      261.60382006516716
    ]
  },
  "66": {
    "cam_K": [
      2282.23,
      0.0,
      1185.69,
      0.0,
      2288.54,
      949.444,
      0.0,
      0.0,
      1.0
    ],
    "cam_R_w2c": [
      0.46981479531176057,
      -0.8658844356047071,
      -0.17180862109826267,
      -0.8138969647807113,
      -0.5002430898391197,
      0.29551409744537743,
      -0.34182713295891853,
      0.000997620031995609,
      -0.9397623188484189
    ],
    "cam_t_w2c": [
      47.60288652385147,
      -82.44531103674585,
      261.4877800618252
    ]
  },
  "67": {
    "cam_K": [
      2282.23,
      0.0,
      1185.69,
      0.0,
      2288.54,
      949.444,
      0.0,
      0.0,
      1.0
    ],
    "cam_R_w2c": [
      0.6035903486765645,
      -0.7660711939559169,
      -0.2209380383172154,
      -0.7197481691633383,
      -0.6427553816823702,
      0.2623510859599665,
      -0.3429887228037187,
      0.0006671651271036238,
      -0.939339284241944
    ],
    "cam_t_w2c": [
      61.257913339143734,
      -72.9810524686587,
      261.56490305993094
    ]
  },
  "68": {
    "cam_K": [
      2282.23,
      0.0,
      1185.69,
      0.0,
      2288.54,
      949.444,
      0.0,
      0.0,
      1.0
    ],
    "cam_R_w2c": [
      0.7192145261911842,
      -0.6434284459160892,
      -0.2621646435002191,
      -0.6043254017879697,
      -0.7655061383792254,
      0.22088721297878558,
      -0.3428137600350953,
      -0.0004325387063587607,
      -0.939403288710907
    ],
    "cam_t_w2c": [
      72.91687618607561,
      -61.153496652204076,
      261.532078679212
    ]
  },
  "69": {
    "cam_K": [
      2282.23,
      0.0,
      1185.69,
      0.0,
      2288.54,
      949.444,
      0.0,
      0.0,
      1.0
    ],
    "cam_R_w2c": [
      0.8140358208958024,
      -0.4990220121193227,
      -0.2971913755795747,
      -0.46896741724167523,
      -0.8665891498345483,
      0.17056613660016934,
      -0.34265907818729924,
      0.0005261268077093759,
      -0.9394596741353043
    ],
    "cam_t_w2c": [
      82.47910348802824,
      -47.634862779749625,
      261.5761065818331
    ]
  },
  "70": {
    "cam_K": [
      2282.23,
      0.0,
      1185.69,
      0.0,
      2288.54,
      949.444,
      0.0,
      0.0,
      1.0
    ],
    "cam_R_w2c": [
      0.8829372032322687,
      -0.34258851649558153,
      -0.3210218115856557,
      -0.3221095992778677,
      -0.9394854742995639,
      0.11667240304877063,
      -0.3415659543945079,
      0.0003898018470411502,
      -0.9398577269209893
    ],
    "cam_t_w2c": [
      89.4388293695221,
      -32.55471748752211,
      261.5945377237885
    ]
  },
  "71": {
    "cam_K": [
      2282.23,
      0.0,
      1185.69,
      0.0,
      2288.54,
      949.444,
      0.0,
      0.0,
      1.0
    ],
    "cam_R_w2c": [
      0.9252306438125518,
      -0.17401915075090715,
      -0.3371432795150213,
      -0.16369786055694924,
      -0.9847421080842969,
      0.05904228158508222,
      -0.34227367149590754,
      0.0005619053546349353,
      -0.9396001373260244
    ],
    "cam_t_w2c": [
      93.73440454875045,
      -16.50256552332312,
      261.63318122397163
    ]
  },
  "72": {
    "cam_K": [
      2282.23,
      0.0,
      1185.69,
      0.0,
      2288.54,
      949.444,
      0.0,
      0.0,
      1.0
    ],
    "cam_R_w2c": [
      0.9398967167826594,
      -0.0005618664763169181,
      -0.3414584104795777,
      -0.0004072348535409077,
      -0.999999779510207,
      0.0005245372353750854,
      -0.3414586299113716,
      -0.00035395705957733386,
      -0.9398967383566391
    ],
    "cam_t_w2c": [
      95.0841298456619,
      0.05002109844697149,
      261.65197388390504
    ]
  },
  "73": {
    "cam_K": [
      2282.23,
      0.0,
      1185.69,
      0.0,
      2288.54,
      949.444,
      0.0,
      0.0,
      1.0
    ],
    "cam_R_w2c": [
      0.9253933149659228,
      0.17272935558617053,
      -0.33736001887474254,
      0.16240391819880773,
      -0.9849692616326308,
      -0.05882619308220318,
      -0.3424502591181022,
      -0.0003512230857164848,
      -0.9395358942969069
    ],
    "cam_t_w2c": [
      93.79550379039897,
      16.431898250639467,
      261.6179134779081
    ]
  },
  "74": {
    "cam_K": [
      2282.23,
      0.0,
      1185.69,
      0.0,
      2288.54,
      949.444,
      0.0,
      0.0,
      1.0
    ],
    "cam_R_w2c": [
      0.34220651429468707,
      -0.8833112742449314,
      -0.3203995854648947,
      -0.9396245736210735,
      -0.32147895481404803,
      -0.11728999215228722,
      0.0006018485661062093,
      0.3411927232569057,
      -0.939993171983095
    ],
    "cam_t_w2c": [
      89.45304038450843,
      32.458617971806156,
      261.5674827442653
    ]
  },
  "75": {
    "cam_K": [
      2282.23,
      0.0,
      1185.69,
      0.0,
      2288.54,
      949.444,
      0.0,
      0.0,
      1.0
    ],
    "cam_R_w2c": [
      0.5003614940489265,
      -0.8138019313381316,
      -0.29557535726689677,
      -0.8658164826245264,
      -0.47047532160699035,
      -0.17033728357142658,
      -0.0004401009199264019,
      0.34114423387934684,
      -0.94001086057665
    ],
    "cam_t_w2c": [
      82.37616565861563,
      47.563850076352914,
      261.6662083031473
    ]
  },
  "76": {
    "cam_K": [
      2282.23,
      0.0,
      1185.69,
      0.0,
      2288.54,
      949.444,
      0.0,
      0.0,
      1.0
    ],
    "cam_R_w2c": [
      0.6422647205312717,
      -0.7203863235532387,
      -0.26180063712362395,
      -0.7664828857552706,
      -0.6035848152736376,
      -0.2195207430184246,
      0.00012085180993510864,
      0.34165613650062937,
      -0.9398250208343588
    ],
    "cam_t_w2c": [
      72.88652660079453,
      61.287557530695345,
      261.6708444612415
    ]
  },
  "77": {
    "cam_K": [
      2282.23,
      0.0,
      1185.69,
