{
    "camera_model": "OPENCV",
    "camera_angle_x": 0.951948382486254,
    "camera_angle_y": 0.8139860440345605,
    "fl_x": 2282.23,
    "fl_y": 2288.54,
    "k1": 0.0,
    "k2": 0.0,
    "p1": 0.0,
    "p2": 0.0,
    "k3": 0.0,
    "is_fisheye": false,
    "cx": 1185.69,
    "cy": 949.444,
    "w": 2353,
    "h": 1973,
    "aabb_scale": 1,
    "frames": [
        {
            "file_path": "undistorted_images/img_0001.png",
            "sharpness": 13.704777120150561,
            "transform_matrix": [
                [
                    -0.7657694782969999,
                    -0.0008071827691603341,
                    -0.6431146511818231,
                    -0.5507283746698881
                ],
                [
                    0.6431144089016119,
                    0.0005649022811027983,
                    -0.7657698988263663,
                    -0.6563857417242832
                ],
                [
                    0.000981413200937518,
                    -0.9999995146705771,
                    8.652594437523376e-05,
                    -5.4757470634377225e-05
                ],
                [
                    0.0,
                    0.0,
                    0.0,
                    1.0
                ]
            ]
        },
        {
            "file_path": "undistorted_images/img_0002.png",
            "sharpness": 13.360860991942602,
            "transform_matrix": [
                [
                    -0.8656930081810832,
                    -0.00022175005557273462,
                    -0.5005752355173992,
                    -0.4286811101099934
                ],
                [
                    0.5005752778474407,
                    -0.0005481598538335074,
                    -0.8656928385569169,
                    -0.7424546693794543
                ],
                [
                    -8.242781287498542e-05,
                    -0.9999998251738283,
                    0.0005855407485102447,
                    0.00014492604639628918
                ],
                [
                    0.0,
                    0.0,
                    0.0,
                    1.0
                ]
            ]
        },
        {
            "file_path": "undistorted_images/img_0003.png",
            "sharpness": 13.10065397374149,
            "transform_matrix": [
                [
                    -0.9399594454475287,
                    0.0006550936863668877,
                    -0.341285528210964,
                    -0.2932788566232572
                ],
                [
                    0.34128466853086115,
                    -0.0011491169244653855,
                    -0.9399592834565094,
                    -0.8054451882961577
                ],
                [
                    -0.0010079383685766296,
                    -0.9999991251908952,
                    0.0008565498754664865,
                    0.00014497924126846695
                ],
                [
                    0.0,
                    0.0,
                    0.0,
                    1.0
                ]
            ]
        },
        {
            "file_path": "undistorted_images/img_0004.png",
            "sharpness": 14.776389970762859,
            "transform_matrix": [
                [
                    -0.9848363536428687,
                    0.0005630871486847336,
                    -0.17348498343165458,
                    -0.1486323384450611
                ],
                [
                    0.1734847060875892,
                    -0.0005091688479795011,
                    -0.9848364318508873,
                    -0.8442473178779885
                ],
                [
                    -0.0006428818874873995,
                    -0.9999997118399322,
                    0.0004037609831414036,
                    -0.0002566445764915136
                ],
                [
                    0.0,
                    0.0,
                    0.0,
                    1.0
                ]
            ]
        },
        {
            "file_path": "undistorted_images/img_0005.png",
            "sharpness": 13.810167738027117,
            "transform_matrix": [
                [
                    -0.0006410086267716643,
                    0.9999997480467798,
                    0.00030498248633114915,
                    -0.0001640955827831296
                ],
                [
                    5.4902267944327435e-05,
                    0.0003050177413619173,
                    -0.9999999519749578,
                    -0.8572965325879055
                ],
                [
                    -0.9999997930468192,
                    -0.0006409918517569715,
                    -5.509777311510509e-05,
                    -2.1218491192607847e-05
                ],
                [
                    0.0,
                    0.0,
                    0.0,
                    1.0
                ]
            ]
        },
        {
            "file_path": "undistorted_images/img_0006.png",
            "sharpness": 13.675011058839376,
            "transform_matrix": [
                [
                    0.0010726406896659772,
                    0.9848948008529572,
                    0.17315045681361546,
                    0.14881537846183912
                ],
                [
                    0.0003384972243209798,
                    0.17315018890186534,
                    -0.9848953738864228,
                    -0.8439991294048417
                ],
                [
                    -0.9999993674305894,
                    0.0011150498021157136,
                    -0.0001476562182974041,
                    0.0003540246585569911
                ],
                [
                    0.0,
                    0.0,
                    0.0,
                    1.0
                ]
            ]
        },
        {
            "file_path": "undistorted_images/img_0007.png",
            "sharpness": 13.339834891546468,
            "transform_matrix": [
                [
                    -0.00043139595800096404,
                    0.9398202767208457,
                    0.34166893531879755,
                    0.2932477693300812
                ],
                [
                    -0.0012518085789856607,
                    0.34166819188281483,
                    -0.9398198123208564,
                    -0.8055212187171866
                ],
                [
                    -0.9999991234360203,
                    -0.00083313857268944,
                    0.0010290808081480844,
                    0.00024197790529811858
                ],
                [
                    0.0,
                    0.0,
                    0.0,
                    1.0
                ]
            ]
        },
        {
            "file_path": "undistorted_images/img_0008.png",
            "sharpness": 12.978398338635719,
            "transform_matrix": [
                [
                    0.00022293294224767868,
                    0.8662939211912564,
                    0.4995345757882832,
                    0.4284147378981197
                ],
                [
                    0.001259468554523658,
                    0.49953394876974094,
                    -0.8662933958916398,
                    -0.7423589736641464
                ],
                [
                    -0.9999991820195967,
                    0.0008222734256985264,
                    -0.0009797073797635377,
                    0.0001235040727476774
                ],
                [
                    0.0,
                    0.0,
                    0.0,
                    1.0
                ]
            ]
        },
        {
            "file_path": "undistorted_images/img_0009.png",
            "sharpness": 12.637962684942623,
            "transform_matrix": [
                [
                    -2.3900143944244994e-05,
                    0.7664842039117638,
                    0.6422631583568628,
                    0.5508629958599253
                ],
                [
                    -0.0013419379981331107,
                    0.6422625556639902,
                    -0.7664835345879052,
                    -0.656409854560858
                ],
                [
                    -0.9999990993151903,
                    -0.0008801964038076341,
                    0.0010132241106676468,
                    0.0003249674403841908
                ],
                [
                    0.0,
                    0.0,
                    0.0,
                    1.0
                ]
            ]
        },
        {
            "file_path": "undistorted_images/img_0010.png",
            "sharpness": 12.020372349028175,
            "transform_matrix": [
                [
                    4.7697574971974255e-05,
                    0.6431479139498875,
                    0.7657419660086874,
                    0.6566300971988606
                ],
                [
                    -0.0007368127254919548,
                    0.7657417816246451,
                    -0.6431477131898412,
                    -0.5507296185217179
                ],
                [
                    -0.9999997274159372,
                    -0.0005335318387304819,
                    0.0005104035934101182,
                    0.0004428576015327273
                ],
                [
                    0.0,
                    0.0,
                    0.0,
                    1.0
                ]
            ]
        },
        {
            "file_path": "undistorted_images/img_0011.png",
            "sharpness": 11.413539623430031,
            "transform_matrix": [
                [
                    0.00019843101307790884,
                    0.5002883631953327,
                    0.86585883045475,
                    0.7422002957557308
                ],
                [
                    -5.1740676996766924e-05,
                    0.8658588514787326,
                    -0.5002883634853323,
                    -0.428557766993207
                ],
                [
                    -0.9999999789740173,
                    5.4472604726125196e-05,
                    0.00019769850768673047,
                    0.00021230957662289805
                ],
                [
                    0.0,
                    0.0,
                    0.0,
                    1.0
                ]
            ]
        },
        {
            "file_path": "undistorted_images/img_0012.png",
            "sharpness": 10.861674211566614,
            "transform_matrix": [
                [
                    0.0006722141268487605,
                    0.3423827653703841,
                    0.9395603174386925,
                    0.8055844103635504
                ],
                [
                    -0.0008941461584364219,
                    0.939560359922746,
                    -0.34238214112959764,
                    -0.2929207940385921
                ],
                [
                    -0.9999993743152118,
                    -0.0006099501364090503,
                    0.0009377259813379528,
                    4.9242923797289594e-05
                ],
                [
                    0.0,
                    0.0,
                    0.0,
                    1.0
                ]
            ]
        },
        {
            "file_path": "undistorted_images/img_0013.png",
            "sharpness": 10.367905521079981,
            "transform_matrix": [
                [
                    -0.0006555977520400765,
                    0.3424928762484661,
                    0.9395201966486089,
                    0.8056152542712768
                ],
                [
                    -0.0002967173776241411,
                    -0.9395204238214692,
                    0.34249275201254253,
                    0.293053501072879
                ],
                [
                    0.9999997410751593,
                    -5.4234490665057944e-05,
                    0.0007175710659484872,
                    -0.0002162780221139677
                ],
                [
                    0.0,
                    0.0,
                    0.0,
                    1.0
                ]
            ]
        },
        {
            "file_path": "undistorted_images/img_0014.png",
            "sharpness": 10.582333661696776,
            "transform_matrix": [
                [
                    -0.0005181455818654171,
                    0.499459258188913,
                    0.8663372212565592,
                    0.7422142789894375
                ],
                [
                    -0.0008428369502183113,
                    -0.8663372479595376,
                    0.4994587694933084,
                    0.42867985732364344
                ],
                [
                    0.9999995105753958,
                    -0.0004713886666875899,
                    0.0008698515353659252,
                    -3.976211435179662e-05
                ],
                [
                    0.0,
                    0.0,
                    0.0,
                    1.0
                ]
            ]
        },
        {
            "file_path": "undistorted_images/img_0015.png",
            "sharpness": 16.169451853024388,
            "transform_matrix": [
                [
                    0.00045193615138030955,
                    0.6421470314768344,
                    0.76658136275232,
                    0.6567543153241464
                ],
                [
                    0.0004291126861996717,
                    -0.766581494992327,
                    0.6421468892688272,
                    0.550967158083417
                ],
                [
                    0.99999980580799,
                    3.87403940042329e-05,
                    -0.0006219993281783585,
                    5.821830956683522e-05
                ],
                [
                    0.0,
                    0.0,
                    0.0,
                    1.0
                ]
            ]
        },
        {
            "file_path": "undistorted_images/img_0016.png",
            "sharpness": 19.545108645739905,
            "transform_matrix": [
                [
                    0.7656858744138628,
                    2.163100206666176e-05,
                    0.6432146929720888,
                    0.550920301301635
                ],
                [
                    -0.6432145728520773,
                    0.0006378197999367575,
                    0.7656857099728472,
                    0.6564904122195694
                ],
                [
                    -0.000393692517612986,
                    -0.9999997963589808,
                    0.0005022829869876879,
                    5.638293032868082e-05
                ],
                [
                    0.0,
                    0.0,
                    0.0,
                    1.0
                ]
            ]
        },
        {
            "file_path": "undistorted_images/img_0017.png",
            "sharpness": 20.84668524423485,
            "transform_matrix": [
                [
                    0.8664286215172573,
                    0.0003537077352536235,
                    0.49930082986767016,
                    0.42860435740231806
                ],
                [
                    -0.49930043192773393,
                    -0.0008339139872125863,
                    0.8664285217282731,
                    0.7424187767821291
                ],
                [
                    0.0007228364160331746,
                    -0.9999995897390661,
                    -0.0005459205214162604,
                    0.0003354031634135843
                ],
                [
                    0.0,
                    0.0,
                    0.0,
                    1.0
                ]
            ]
        },
        {
            "file_path": "undistorted_images/img_0018.png",
            "sharpness": 21.52045969239557,
            "transform_matrix": [
                [
                    0.9398097133521008,
                    1.776557375605626e-05,
                    0.3416982621750161,
                    0.2930274120113999
                ],
                [
                    -0.3416982170309862,
                    0.0005655215032241734,
                    0.9398095597849992,
                    0.8058128997125791
                ],
                [
                    -0.00017654145882330533,
                    -0.9999998399348938,
                    0.0005375530667165405,
                    -0.000244781135988014
                ],
                [
                    0.0,
                    0.0,
                    0.0,
                    1.0
                ]
            ]
        },
        {
            "file_path": "undistorted_images/img_0019.png",
            "sharpness": 22.47142586997907,
            "transform_matrix": [
                [
                    0.9849824801018371,
                    0.0010666087592671272,
                    0.17265102443422944,
                    0.14899688429393326
                ],
                [
                    -0.17265173129320172,
                    0.0006099057222634974,
                    0.984982744872452,
                    0.8442591167616419
                ],
                [
                    0.0009452903756508478,
                    -0.9999992451800974,
                    0.0007848982998433584,
                    -0.00014319528553739208
                ],
                [
                    0.0,
                    0.0,
                    0.0,
                    1.0
                ]
            ]
        },
        {
            "file_path": "undistorted_images/img_0020.png",
            "sharpness": 22.160160896540322,
            "transform_matrix": [
                [
                    0.999999601622326,
                    -0.0008584341150394628,
                    0.0002446345416719542,
                    1.7910193476861248e-05
                ],
                [
                    -0.00024468310163218887,
                    -5.646350276261379e-05,
                    0.9999999684710257,
                    0.8571938215017756
                ],
                [
                    -0.0008584202750507961,
                    -0.9999996299513029,
                    -5.667352459061899e-05,
                    -0.0002055056095199332
                ],
                [
                    0.0,
                    0.0,
                    0.0,
                    1.0
                ]
            ]
        },
        {
            "file_path": "undistorted_images/img_0021.png",
            "sharpness": 16.653451609386043,
            "transform_matrix": [
                [
                    0.9846970922208729,
                    0.0010514768777688422,
                    -0.17427142900697634,
                    -0.14893242967075454
                ],
                [
                    0.17427224215658021,
                    -0.0007381699603976897,
                    0.9846972330208045,
                    0.8442024399342759
                ],
                [
                    0.000906744438275803,
                    -0.9999991747504022,
                    -0.0009101170466329707,
                    -0.0001253603841707854
                ],
                [
                    0.0,
                    0.0,
                    0.0,
                    1.0
                ]
            ]
        },
        {
            "file_path": "undistorted_images/img_0022.png",
            "sharpness": 15.556285610763538,
            "transform_matrix": [
                [
                    0.9398644419634157,
                    0.0008383898813793633,
                    -0.34154667006897327,
                    -0.2933169940102403
                ],
                [
                    0.3415472354410146,
                    -0.0006593998532752997,
                    0.9398643791284109,
                    0.8056718246484109
                ],
                [
                    0.0005627569612000006,
                    -0.9999994311469581,
                    -0.0009060962213362074,
                    -3.9949783638534454e-05
                ],
                [
                    0.0,
                    0.0,
                    0.0,
                    1.0
                ]
            ]
        },
        {
            "file_path": "undistorted_images/img_0023.png",
            "sharpness": 15.578349577681756,
            "transform_matrix": [
                [
                    0.8662263138411246,
                    0.0011854138051957748,
                    -0.4996504458151998,
                    -0.4283306808308265
                ],
                [
                    0.4996508506151504,
                    -5.3023040523000195e-05,
                    0.8662268898320543,
                    0.7422320287892806
                ],
                [
                    0.0010003443278028953,
                    -0.999999295991086,
                    -0.0006382229690379166,
                    0.00010728186132935977
                ],
                [
                    0.0,
                    0.0,
                    0.0,
                    1.0
                ]
            ]
        },
        {
            "file_path": "undistorted_images/img_0024.png",
            "sharpness": 15.43227838144182,
            "transform_matrix": [
                [
                    0.7657156548333461,
                    0.00047091234893256094,
                    -0.6431790685219004,
                    -0.5509988611840173
                ],
                [
                    0.6431789852058586,
                    0.0003310765755760853,
                    0.765715798046418,
                    0.6565794386195789
                ],
                [
                    0.0005735265485612551,
                    -0.9999998343149167,
                    -4.9370409840131366e-05,
                    -0.0002563561833099954
                ],
                [
                    0.0,
                    0.0,
                    0.0,
                    1.0
                ]
            ]
        },
        {
            "file_path": "undistorted_images/img_0025.png",
            "sharpness": 8.755131589052773,
            "transform_matrix": [
                [
                    -0.8137033052116495,
                    -0.3422119622477888,
                    -0.46987009266621305,
                    -0.40297377272379936
                ],
                [
                    -0.2960348921831364,
                    0.9396225934898722,
                    -0.17167621970874522,
                    -0.1463407975510053
                ],
                [
                    0.5002502110921658,
                    -0.0005955651807246624,
                    -0.8658806913220549,
                    -0.7422204970033348
                ],
                [
                    0.0,
                    0.0,
                    0.0,
                    1.0
                ]
            ]
        },
        {
            "file_path": "undistorted_images/img_0026.png",
            "sharpness": 7.980307890270425,
            "transform_matrix": [
                [
                    -0.7499597589464412,
                    -0.49972325470692797,
                    -0.43340169435076165,
                    -0.37101435824068363
                ],
                [
                    -0.43230935390303793,
                    0.8661848989266288,
                    -0.25066380552326334,
                    -0.21444319702260453
                ],
                [
                    0.5006685355491536,
                    -0.0006241607015644078,
                    -0.865638855374737,
                    -0.7426784164193044
                ],
                [
                    0.0,
                    0.0,
                    0.0,
                    1.0
                ]
            ]
        },
        {
            "file_path": "undistorted_images/img_0027.png",
            "sharpness": 8.065490149227225,
            "transform_matrix": [
                [
                    -0.6637278280173583,
                    -0.6420015247836727,
                    -0.3837960558562313,
                    -0.3280824894405791
                ],
                [
                    -0.5557425976879924,
                    0.7667033583911584,
                    -0.3214282584756994,
                    -0.27540027065037054
                ],
                [
                    0.5006151570122126,
                    -4.9062797530231396e-05,
                    -0.8656699499015081,
                    -0.742606114598919
                ],
                [
                    0.0,
                    0.0,
                    0.0,
                    1.0
                ]
            ]
        },
        {
            "file_path": "undistorted_images/img_0028.png",
            "sharpness": 7.241981045139142,
            "transform_matrix": [
                [
                    -0.9394900008227349,
                    0.2967178585520059,
                    -0.17122222627453915,
                    -0.1467819109521575
                ],
                [
                    0.3425763212433415,
                    0.8136539522964413,
                    -0.4696900148350604,
                    -0.40285903117310634
                ],
                [
                    -4.977425584459248e-05,
                    -0.4999257528160479,
                    -0.8660682647423534,
                    -0.7421074426000367
                ],
                [
                    0.0,
                    0.0,
                    0.0,
                    1.0
                ]
            ]
        },
        {
            "file_path": "undistorted_images/img_0029.png",
            "sharpness": 7.27100973886307,
            "transform_matrix": [
                [
                    -0.9846672879178878,
                    0.15083336805645475,
                    -0.08763348210117468,
                    -0.07400300992040637
                ],
                [
                    0.17444252398301135,
                    0.8524674996788668,
                    -0.4928173777553882,
                    -0.42198092310840984
                ],
                [
                    0.000371390451345772,
                    -0.5005481565963524,
                    -0.8657086143715597,
                    -0.742334219563259
                ],
                [
                    0.0,
                    0.0,
                    0.0,
                    1.0
                ]
            ]
        },
        {
            "file_path": "undistorted_images/img_0030.png",
            "sharpness": 7.160644418658512,
            "transform_matrix": [
                [
                    -0.9999994215915553,
                    0.0008631852357221175,
                    -0.0006416601933866392,
                    4.846552852770262e-05
                ],
                [
                    0.0010684662495672056,
                    0.8656373741876209,
                    -0.5006703454264434,
                    -0.4283438686258081
                ],
                [
                    0.00012327379478793278,
                    -0.500670741426748,
                    -0.8656377957799454,
                    -0.7420399034471817
                ],
                [
                    0.0,
                    0.0,
                    0.0,
                    1.0
                ]
            ]
        },
        {
            "file_path": "undistorted_images/img_0031.png",
            "sharpness": 7.063834563570364,
            "transform_matrix": [
                [
                    -0.9848765154138451,
                    -0.15033883902172665,
                    0.08611900410409339,
                    0.07453812171700307
                ],
                [
                    -0.17325671082572514,
                    0.8528647355397999,
                    -0.4925483276049954,
                    -0.42198242884541476
                ],
                [
                    0.000601282074039589,
                    -0.5000199759551874,
                    -0.8660136616160516,
                    -0.7423130079731093
                ],
                [
                    0.0,
                    0.0,
                    0.0,
                    1.0
                ]
            ]
        },
        {
            "file_path": "undistorted_images/img_0032.png",
            "sharpness": 7.58907918007701,
            "transform_matrix": [
                [
                    -0.29614912466126303,
                    0.9398216109731584,
                    0.17038496268798292,
                    0.14671595980502616
                ],
                [
                    0.8132894021867562,
                    0.3416643278558954,
                    -0.4709839013825083,
                    -0.4023932824798684
                ],
                [
                    -0.5008553126932735,
                    -0.0009091856778540332,
                    -0.8655305477730562,
                    -0.742483967860637
                ],
                [
                    0.0,
                    0.0,
                    0.0,
                    1.0
                ]
            ]
        },
        {
            "file_path": "undistorted_images/img_0033.png",
            "sharpness": 7.675273373634006,
            "transform_matrix": [
                [
                    -0.43392437625417857,
                    0.8654371183115808,
                    0.25045604392980647,
                    0.21436136821423127
                ],
                [
                    0.7494850891784061,
                    0.5010175554478983,
                    -0.43272798642131866,
                    -0.3711469737880931
                ],
                [
                    -0.4999817364581019,
                    -5.815117559548202e-05,
                    -0.8660359460361804,
                    -0.7424105342805457
                ],
                [
                    0.0,
                    0.0,
                    0.0,
                    1.0
                ]
            ]
        },
        {
            "file_path": "undistorted_images/img_0034.png",
            "sharpness": 7.804232605429008,
            "transform_matrix": [
                [
                    -0.5567286732706508,
                    0.7663079360714088,
                    0.32066389175003585,
                    0.27562244262608704
                ],
                [
                    0.6633896803716719,
                    0.6424729222445824,
                    -0.3835918092958687,
                    -0.3283008316848472
                ],
                [
                    -0.4999673152663805,
                    -0.0008314424119848081,
                    -0.8660438743902317,
                    -0.7423500754559076
                ],
                [
                    0.0,
                    0.0,
                    0.0,
                    1.0
                ]
            ]
        },
        {
            "file_path": "undistorted_images/img_0035.png",
            "sharpness": 7.522218670640351,
            "transform_matrix": [
                [
                    -0.6626389422995577,
                    0.6435849511693076,
                    0.38302485921480767,
                    0.32798259666689067
                ],
                [
                    0.5570317292641258,
                    0.7653746447262016,
                    -0.32236207252600013,
                    -0.27523275171603984
                ],
                [
                    -0.5006248942483195,
                    -0.0002526630965493772,
                    -0.8656642833224774,
                    -0.7424939853736738
                ],
                [
                    0.0,
                    0.0,
                    0.0,
                    1.0
                ]
            ]
        },
        {
            "file_path": "undistorted_images/img_0036.png",
            "sharpness": 8.010747721172503,
            "transform_matrix": [
                [
                    -0.7498039846003934,
                    0.500179281702692,
                    0.43314509212589697,
                    0.3712538297411731
                ],
                [
                    0.4327009364102469,
                    0.8659215862393095,
                    -0.2508978001388082,
                    -0.21435469417886285
                ],
                [
                    -0.5005635666996432,
                    -0.0007018833071732107,
                    -0.865699499279487,
                    -0.7425051293359093
                ],
                [
                    0.0,
                    0.0,
                    0.0,
                    1.0
                ]
            ]
        },
        {
            "file_path": "undistorted_images/img_0037.png",
            "sharpness": 7.943277378142841,
            "transform_matrix": [
                [
                    -0.8138144939800734,
                    0.34275252125405054,
                    0.4692831539294256,
                    0.40264334590716877
                ],
                [
                    0.2970608398866844,
                    0.9394256978741282,
                    -0.17098016136243543,
                    -0.14625048103102775
                ],
                [
                    -0.4994605357721217,
                    0.0002595143511457127,
                    -0.8663366007843181,
                    -0.7422913096454905
                ],
                [
                    0.0,
                    0.0,
                    0.0,
                    1.0
                ]
            ]
        },
        {
            "file_path": "undistorted_images/img_0038.png",
            "sharpness": 8.259593758646076,
            "transform_matrix": [
                [
                    -0.852517759156211,
                    0.1748010789891591,
                    0.49260334256630656,
                    0.4223289162723322
                ],
                [
                    0.1511988890822064,
                    0.9846037237736956,
                    -0.08771774661536849,
                    -0.07444954142340411
                ],
                [
                    -0.5003522421890191,
                    -0.0002998586285591296,
                    -0.8658218892019443,
                    -0.7422911723713448
                ],
                [
                    0.0,
                    0.0,
                    0.0,
                    1.0
                ]
            ]
        },
        {
            "file_path": "undistorted_images/img_0039.png",
            "sharpness": 8.737775093370548,
            "transform_matrix": [
                [
                    -0.8657902673473267,
                    0.0006192205111296847,
                    0.5004066641568661,
                    0.4285101377826324
                ],
                [
                    0.0002461943487627706,
                    0.9999996404480747,
                    -0.0008114752391182075,
                    0.00011887949134157962
                ],
                [
                    -0.5004069867167991,
                    -0.0005793700714232388,
                    -0.8657901084993599,
                    -0.7421405256445982
                ],
                [
                    0.0,
                    0.0,
                    0.0,
                    1.0
                ]
            ]
        },
        {
            "file_path": "undistorted_images/img_0040.png",
            "sharpness": 10.17420967056294,
            "transform_matrix": [
                [
                    -0.8530188061650613,
                    -0.17262500595437819,
                    0.492503323489278,
                    0.4219371435217204
                ],
                [
                    -0.14958199103436523,
                    0.9849876035123679,
                    0.08616640229902524,
                    0.07461629906356548
                ],
                [
                    -0.499984144035517,
                    -0.0001680660979153664,
                    -0.8660345417284797,
                    -0.7424564462070771
                ],
                [
                    0.0,
                    0.0,
                    0.0,
                    1.0
                ]
            ]
        },
        {
            "file_path": "undistorted_images/img_0041.png",
            "sharpness": 11.245906645262957,
            "transform_matrix": [
                [
                    -0.8135276392369537,
                    -0.3413422758537057,
                    0.4708059376352018,
                    0.40293050509894657
                ],
                [
                    -0.29565089780914244,
                    0.9399389806291243,
                    0.1706026357314879,
                    0.14675182764446199
                ],
                [
                    -0.5007627450421975,
                    -0.0004042386614832511,
                    -0.865584490254364,
                    -0.7422789837297843
                ],
                [
                    0.0,
                    0.0,
                    0.0,
                    1.0
                ]
            ]
        },
        {
            "file_path": "undistorted_images/img_0042.png",
            "sharpness": 8.275246843110587,
            "transform_matrix": [
                [
                    -0.7504057854461119,
                    -0.4994794477161343,
                    0.43291042777714356,
                    0.3714390045264143
                ],
                [
                    -0.43239431532397815,
                    0.8663256265242183,
                    0.25003012799046653,
                    0.21393340935533114
                ],
                [
                    -0.49992630781397374,
                    0.00043604656456944945,
                    -0.8660678360376174,
                    -0.742046875774132
                ],
                [
                    0.0,
                    0.0,
                    0.0,
                    1.0
                ]
            ]
        },
        {
            "file_path": "undistorted_images/img_0043.png",
            "sharpness": 8.282243348049255,
            "transform_matrix": [
                [
                    0.6627273320346934,
                    0.6428162465990279,
                    0.3841611074569039,
                    0.3279015737456389
                ],
                [
                    0.5568384262383546,
                    -0.766019661452888,
                    0.3211617121202265,
                    0.27533795957553614
                ],
                [
                    0.5007229278139457,
                    0.0010730218731537797,
                    -0.8656069536374403,
                    -0.7423893454550633
                ],
                [
                    0.0,
                    0.0,
                    0.0,
                    1.0
                ]
            ]
        },
        {
            "file_path": "undistorted_images/img_0044.png",
            "sharpness": 10.837384531139824,
            "transform_matrix": [
                [
                    0.7664821093248475,
                    -0.556222017643515,
                    0.32112652206491793,
