scene_id,im_id,obj_id,score,R,t
1,0,1,1.0,0.9332920908927917 0.3332686722278595 -0.13378310203552246 -0.232839435338974 0.8451765775680542 0.4811049997806549 0.27340760827064514 -0.4178614914417267 0.8663947582244873,-51.05646327137947 -96.35641425848007 393.54678988456726,-1
1,0,3,1.0,0.3282191753387451 0.36717939376831055 0.8703168034553528 -0.3867243826389313 0.892837405204773 -0.23083673417568207 -0.8618099689483643 -0.26080769300460815 0.4350435733795166,-231.76392912864685 -147.62520790100098 545.6271767616272,-1
1,0,6,1.0,-0.9632585048675537 -0.17636409401893616 0.20255571603775024 -0.2040589451789856 -0.009765610098838806 -0.9789100289344788 0.17462262511253357 -0.9842767119407654 -0.02658185362815857,-109.69485342502594 -170.6020087003708 699.9078392982483,-1
1,0,8,1.0,0.5993356704711914 -0.7025759816169739 -0.3836454451084137 -0.29296982288360596 0.25349244475364685 -0.9219056367874146 0.7449600100517273 0.6649274230003357 -0.05390649288892746,-242.96799302101135 -135.8858197927475 443.0193901062012,-1
1,2,1,1.0,0.9385263323783875 0.31341949105262756 -0.14469508826732635 -0.18258605897426605 0.8064157366752625 0.5624555349349976 0.29296886920928955 -0.5014600157737732 0.8140683174133301,-50.197310745716095 -98.2399508357048 393.575519323349,-1
1,2,3,1.0,-0.37932088971138 -0.4390135109424591 0.8144831657409668 0.4086568057537079 -0.8692505955696106 -0.27821409702301025 0.8301298022270203 0.22731170058250427 0.5091307759284973,-213.17194402217865 -109.28221791982651 525.5261063575745,-1
1,2,6,1.0,-0.1837141364812851 0.9387175440788269 -0.29164788126945496 -0.9597634673118591 -0.10719583183526993 0.25954413414001465 0.2123752236366272 0.32759490609169006 0.9206401705741882,-75.89127123355865 -156.0157686471939 514.4282579421997,-1
1,2,8,1.0,-0.9759824275970459 -0.2108863890171051 -0.05463794246315956 -0.04754902794957161 0.4509735107421875 -0.891269862651825 0.21259696781635284 -0.8672658205032349 -0.45016956329345703,-268.4425711631775 -137.1113806962967 469.7941839694977,-1
1,4,1,1.0,0.9419102072715759 0.30509936809539795 -0.140426903963089 -0.185115247964859 0.8204555511474609 0.5409113764762878 0.28024572134017944 -0.48349475860595703 0.8292738199234009,-52.25745216012001 -99.96437281370163 403.5358428955078,-1
1,4,3,1.0,-0.3808284103870392 -0.45208898186683655 0.8065887093544006 0.40039294958114624 -0.866924524307251 -0.2968626320362091 0.8334597945213318 0.20989865064620972 0.5111626982688904,-212.83455193042755 -108.94837975502014 524.2753028869629,-1
1,4,6,1.0,-0.8388605117797852 -0.5097935795783997 0.19084948301315308 -0.11290997266769409 -0.18002362549304962 -0.9771605730056763 0.532507598400116 -0.8412501811981201 0.09345391392707825,-106.94485157728195 -170.81010341644287 704.5027017593384,-1
1,4,8,1.0,-0.6267050504684448 -0.7669763565063477 0.13779759407043457 0.12365216761827469 0.07671348750591278 0.9893559813499451 -0.7693834900856018 0.6370733380317688 0.04676155373454094,-270.6200182437897 -135.7990950345993 454.7215700149536,-1
1,5,1,1.0,0.9474107027053833 0.29229938983917236 -0.13028478622436523 -0.17611342668533325 0.8161368370056152 0.5503679513931274 0.26720237731933594 -0.4984795153141022 0.8246945142745972,-51.86894163489342 -100.90234130620956 405.1608145236969,-1
1,5,3,1.0,-0.3829371929168701 -0.44757381081581116 0.8081068992614746 0.40034347772598267 -0.8687766790390015 -0.29146549105644226 0.8325167298316956 0.21190734207630157 0.5118702054023743,-212.96977996826172 -109.52553153038025 524.1104960441589,-1
1,5,6,1.0,0.6785479784011841 -0.6995235085487366 0.22414149343967438 -0.236322820186615 -0.4968082308769226 -0.835064709186554 0.6955028176307678 0.513661801815033 -0.5024216771125793,-48.5755130648613 -127.19632685184479 587.4350666999817,-1
1,5,8,1.0,0.650642454624176 -0.6147209405899048 -0.44585034251213074 -0.30189138650894165 0.32934510707855225 -0.8946471214294434 0.6967969536781311 0.7166938185691833 0.028706949204206467,-241.5623515844345 -137.34973967075348 434.6171021461487,-1
1,6,1,1.0,0.9257076978683472 0.35265353322029114 -0.13675183057785034 -0.2539864480495453 0.8474689722061157 0.4661411643028259 0.2802791893482208 -0.39677733182907104 0.8740774989128113,-50.62727630138397 -96.61822021007538 391.3500905036926,-1
1,6,3,1.0,0.32411831617355347 0.3506636619567871 0.878625214099884 -0.41561710834503174 0.8871124982833862 -0.20073291659355164 -0.8498291969299316 -0.30011048913002014 0.43327125906944275,-234.5823496580124 -150.79805254936218 551.5703558921814,-1
1,6,6,1.0,-0.7785409688949585 -0.5836915373802185 0.23060408234596252 -0.20157277584075928 -0.11541112512350082 -0.9726502895355225 0.594342052936554 -0.8037316203117371 -0.027804039418697357,-100.00918805599213 -141.13356173038483 627.0027160644531,-1
1,6,8,1.0,0.6506243348121643 -0.641746461391449 -0.40601682662963867 -0.2618030309677124 0.3123260736465454 -0.9131876826286316 0.7128444910049438 0.7004385590553284 0.03519574925303459,-244.48004364967346 -138.26720416545868 440.32880663871765,-1
1,7,1,1.0,0.935307502746582 0.32205426692962646 -0.14656418561935425 -0.1885605752468109 0.8041582107543945 0.5637150406837463 0.29940760135650635 -0.49961066246032715 0.8128618001937866,-49.77468028664589 -98.43958169221878 392.11034774780273,-1
1,7,3,1.0,-0.3742266595363617 -0.4295603334903717 0.8218469619750977 0.3987291753292084 -0.87467360496521 -0.2756108343601227 0.8372392654418945 0.22455346584320068 0.49860435724258423,-213.05082738399506 -109.03383046388626 523.2017040252686,-1
1,7,6,1.0,-0.8584076166152954 -0.46177607774734497 0.22338125109672546 -0.18353593349456787 -0.13015960156917572 -0.9743577837944031 0.47901028394699097 -0.8773946166038513 0.02697748690843582,-107.87332057952881 -172.44546115398407 707.07768201828,-1
1,7,8,1.0,0.7323747873306274 -0.587597131729126 -0.3440300226211548 -0.2542051076889038 0.2327698916196823 -0.9387214779853821 0.6316698789596558 0.7749502062797546 0.021104618906974792,-257.89064168930054 -145.10318636894226 461.0418677330017,-1
1,8,1,1.0,0.9402318000793457 0.3038191497325897 -0.15381212532520294 -0.1511811912059784 0.7771381139755249 0.6109014749526978 0.3051368296146393 -0.5511355400085449 0.7766215801239014,-49.729473888874054 -98.57752174139023 392.2940790653229,-1
1,8,3,1.0,-0.37394922971725464 -0.43082308769226074 0.8213120102882385 0.3941599130630493 -0.8754309415817261 -0.2797476053237915 0.8395236730575562 0.21911686658859253 0.49717986583709717,-213.31247687339783 -108.70085656642914 523.6766338348389,-1
1,8,6,1.0,-0.7764047980308533 -0.5921984910964966 0.21563035249710083 -0.19901104271411896 -0.0942659080028534 -0.9754530787467957 0.5979883670806885 -0.8002593517303467 -0.04466554522514343,-100.18928349018097 -141.86665415763855 633.8788866996765,-1
1,8,8,1.0,-0.6605530977249146 -0.7453720569610596 0.08994662761688232 0.046920377761125565 0.07858584821224213 0.995802640914917 -0.7493118643760681 0.6620006561279297 -0.016936982050538063,-271.4346647262573 -137.74976134300232 454.74305748939514,-1
1,9,1,1.0,0.9350873231887817 0.33227595686912537 -0.1233057826757431 -0.23407231271266937 0.8402286767959595 0.4891071915626526 0.2661236524581909 -0.42849549651145935 0.863463819026947,-50.35769194364548 -96.65969759225845 392.0343518257141,-1
1,9,3,1.0,-0.3734186887741089 -0.441640168428421 0.8157895803451538 0.39637139439582825 -0.8710458874702454 -0.2901192605495453 0.8387182950973511 0.21501970291137695 0.5003182291984558,-213.2185846567154 -108.80736261606216 523.2635736465454,-1
1,9,6,1.0,0.6729483008384705 -0.6974866390228271 0.2462785392999649 -0.23577967286109924 -0.5178478360176086 -0.8223391175270081 0.7011052966117859 0.49532410502433777 -0.5129379034042358,-50.22768676280975 -128.6911964416504 593.9361453056335,-1
1,9,8,1.0,0.46201467514038086 -0.8780549764633179 -0.12474796175956726 -0.5902068614959717 -0.199420765042305 -0.7822322249412537 0.6619654893875122 0.43502992391586304 -0.6103693246841431,-200.935959815979 -105.4573804140091 380.8806538581848,-1
1,10,1,1.0,0.9352108240127563 0.32156217098236084 -0.14825184643268585 -0.19580566883087158 0.8184874653816223 0.5401282906532288 0.29502707719802856 -0.4761052429676056 0.828421950340271,-49.3500754237175 -97.93391823768616 392.0113146305084,-1
1,10,3,1.0,-0.37594109773635864 -0.4304836094379425 0.8205804824829102 0.39294856786727905 -0.8760380744934082 -0.2795514464378357 0.8392019271850586 0.2173510640859604 0.49849653244018555,-212.91431784629822 -109.14846509695053 522.9043364524841,-1
1,10,6,1.0,0.6716760396957397 -0.6942527294158936 0.25858205556869507 -0.2578021287918091 -0.5462548732757568 -0.7969591617584229 0.694542646408081 0.4686354100704193 -0.5458860993385315,-52.53753066062927 -131.53739273548126 600.0149846076965,-1
1,10,8,1.0,-0.9659525156021118 -0.19676239788532257 0.16798964142799377 -0.25871700048446655 0.7376747131347656 -0.6236198544502258 -0.0012167800450697541 -0.6458488702774048 -0.7634643316268921,-258.1019103527069 -143.98162066936493 441.4393901824951,-1
1,11,1,1.0,0.940150797367096 0.30961737036705017 -0.14231500029563904 -0.1884574294090271 0.820391833782196 0.5398527383804321 0.2839019000530243 -0.48072272539138794 0.8296416997909546,-48.84970933198929 -99.27548468112946 392.4725651741028,-1
1,11,3,1.0,0.3633660674095154 0.39445826411247253 0.8440187573432922 -0.4058811664581299 0.8824754357337952 -0.2376917600631714 -0.8385854363441467 -0.25620222091674805 0.48076486587524414,-231.0890555381775 -148.8746702671051 540.0451421737671,-1
1,11,6,1.0,-0.7871111035346985 -0.575806200504303 0.2211412638425827 -0.1900457888841629 -0.114686980843544 -0.9750536680221558 0.5868039131164551 -0.8095024824142456 -0.019158147275447845,-99.71079975366592 -145.87809145450592 642.7587270736694,-1
1,11,8,1.0,-0.9742245078086853 -0.22556869685649872 0.0022997353225946426 -0.1384417712688446 0.5898147821426392 -0.7955830693244934 0.17810222506523132 -0.7753949761390686 -0.6058402061462402,-268.91273260116577 -143.46517622470856 462.1111750602722,-1
1,12,1,1.0,0.9401253461837769 0.3050903081893921 -0.15193474292755127 -0.1664600521326065 0.800006628036499 0.5764377117156982 0.2974143624305725 -0.5166326761245728 0.8028919100761414,-48.035990446805954 -99.18053448200226 391.63240790367126,-1
1,12,3,1.0,-0.37316375970840454 -0.43263381719589233 0.8207173347473145 0.3931174576282501 -0.8750118017196655 -0.2825120687484741 0.8403615355491638 0.21721503138542175 0.49659857153892517,-212.73209154605865 -110.41025817394257 524.0873098373413,-1
1,12,6,1.0,-0.7761690616607666 -0.5912556648254395 0.21903999149799347 -0.20775744318962097 -0.08817417919635773 -0.9741982221603394 0.5953139066696167 -0.8016495704650879 -0.05439969152212143,-98.0822816491127 -153.66804599761963 660.9941124916077,-1
1,12,8,1.0,0.6548582911491394 -0.6777988076210022 -0.3342894911766052 -0.2427799105644226 0.23021256923675537 -0.9423694610595703 0.7156945466995239 0.6982772350311279 -0.01379936933517456,-238.41208219528198 -139.66791331768036 437.8691613674164,-1
1,34,1,1.0,0.9493291974067688 0.2920210063457489 -0.11618106067180634 -0.18309085071086884 0.814331591129303 0.550764799118042 0.25544479489326477 -0.5015853643417358 0.8265349864959717,-7.513262331485748 -85.87079495191574 384.30359959602356,-1
1,34,3,1.0,0.9878019094467163 -0.15555216372013092 0.007138686720281839 -0.07342441380023956 -0.42485880851745605 0.9022771716117859 -0.1373182237148285 -0.8917952179908752 -0.43109768629074097,-189.5899921655655 -144.52074468135834 629.4805407524109,-1
1,34,6,1.0,-0.7265187501907349 -0.636046290397644 0.26003000140190125 -0.1903950572013855 -0.17726944386959076 -0.9655700325965881 0.66024249792099 -0.7510131597518921 0.0076895058155059814,-46.75721377134323 -125.25871396064758 622.5669980049133,-1
1,34,8,1.0,0.6825804710388184 -0.7281304597854614 -0.06253129988908768 -0.4485795497894287 -0.3498899042606354 -0.8224072456359863 0.5769405961036682 0.5894094109535217 -0.5654523968696594,-179.27886545658112 -98.98405522108078 401.7963111400604,-1
1,37,1,1.0,-0.9207894802093506 -0.32465285062789917 -0.216211199760437 0.22178609669208527 -0.8917429447174072 0.39446866512298584 -0.32087013125419617 0.31526994705200195 0.8931110501289368,12.066959403455257 -64.55355882644653 371.37454748153687,-1
1,37,3,1.0,0.9828713536262512 -0.18420468270778656 0.005710451398044825 -0.08366549015045166 -0.4183814525604248 0.9044098258018494 -0.1642073690891266 -0.8893962502479553 -0.42662671208381653,-183.93196165561676 -145.93380689620972 623.2662200927734,-1
1,37,6,1.0,0.5729906558990479 -0.8103300333023071 -0.12266653776168823 0.2192918360233307 0.2958051562309265 -0.929736852645874 0.7896789312362671 0.505830705165863 0.34719234704971313,-25.109251961112022 -132.8028440475464 556.7533373832703,-1
1,37,8,1.0,0.5413700342178345 -0.8181883096694946 -0.1936141401529312 -0.4344453811645508 -0.07506141066551208 -0.8975650072097778 0.7198442816734314 0.5700295567512512 -0.39609408378601074,-187.88084387779236 -116.54703319072723 430.1275312900543,-1
1,38,1,1.0,0.9312708377838135 0.32871344685554504 -0.15710526704788208 -0.21144503355026245 0.838813304901123 0.501680314540863 0.29669106006622314 -0.4339812099933624 0.8506672382354736,-0.9472482488490641 -94.1130742430687 406.59427642822266,-1
1,38,3,1.0,0.9854317903518677 -0.16982325911521912 0.009184694848954678 -0.0807589441537857 -0.41972458362579346 0.904051661491394 -0.1496739536523819 -0.8916230201721191 -0.4273246228694916,-183.41171741485596 -147.22515642642975 625.8332133293152,-1
1,38,6,1.0,-0.6645224690437317 -0.6979091167449951 0.2670818567276001 -0.18138471245765686 -0.19607669115066528 -0.9636666774749756 0.724920392036438 -0.6888227462768555 0.0037073176354169846,-39.44265469908714 -134.354829788208 631.160318851471,-1
1,38,8,1.0,0.6309474110603333 -0.7687143683433533 -0.10480328649282455 -0.42482855916023254 -0.22929537296295166 -0.87575364112854 0.6491734385490417 0.5970779061317444 -0.47124508023262024,-190.25349617004395 -117.14018881320953 435.7264041900635,-1
1,40,1,1.0,0.9406347870826721 0.31389519572257996 -0.12913617491722107 -0.21854034066200256 0.8511999249458313 0.47717809677124023 0.2597046196460724 -0.4206288456916809 0.8692668676376343,0.6251528393477201 -87.33602613210678 381.3316524028778,-1
1,40,3,1.0,0.9825534820556641 -0.18596667051315308 0.0022640153765678406 -0.08075403422117233 -0.41563406586647034 0.9059398770332336 -0.16753362119197845 -0.8903173208236694 -0.42340022325515747,-179.69684302806854 -149.22648668289185 623.4337687492371,-1
1,40,6,1.0,0.6105943322181702 -0.783574104309082 -0.11483070999383926 0.19232861697673798 0.28737732768058777 -0.9383090734481812 0.7682344317436218 0.5508409738540649 0.3261747360229492,-20.226025953888893 -134.23104584217072 555.427074432373,-1
1,40,8,1.0,-0.9880217909812927 -0.14632993936538696 0.048993710428476334 -0.1311921775341034 0.6293536424636841 -0.7659650444984436 0.08124925196170807 -0.7632178664207458 -0.6410125494003296,-196.98038697242737 -121.70477956533432 408.1178605556488,-1
1,42,1,1.0,0.9456263780593872 0.3019508719444275 -0.12089811265468597 -0.20633190870285034 0.8442342281341553 0.49466732144355774 0.25143152475357056 -0.4428253471851349 0.8606323599815369,4.770050290971994 -87.58262544870377 382.3312819004059,-1
1,42,3,1.0,-0.7488995790481567 -0.576719343662262 -0.32641130685806274 0.2701988220214844 -0.7154980301856995 0.6442477703094482 -0.6050967574119568 0.39428094029426575 0.6916650533676147,-167.94918477535248 -138.24406266212463 585.3026509284973,-1
1,42,6,1.0,0.6348760724067688 -0.7638735771179199 -0.11588586866855621 0.1936366707086563 0.3025208115577698 -0.9332662224769592 0.747955322265625 0.5700686573982239 0.3399771749973297,-14.53427504748106 -134.2572718858719 552.8868436813354,-1
1,42,8,1.0,-0.9938995838165283 -0.09299818426370621 -0.059286441653966904 0.0027151708491146564 0.5167624354362488 -0.8561245203018188 0.11025501787662506 -0.8510628342628479 -0.5133575201034546,-210.32336354255676 -126.29716098308563 448.18735122680664,-1
1,52,1,1.0,0.947027862071991 0.29797667264938354 -0.11978381127119064 -0.19944636523723602 0.8380338549613953 0.5078586935997009 0.25171297788619995 -0.4570659101009369 0.8530717492103577,30.742976814508438 -82.9390287399292 375.53706765174866,-1
1,52,3,1.0,-0.13136351108551025 0.9323961138725281 -0.3367213308811188 0.6834321618080139 0.3312232196331024 0.6505472660064697 0.7180975675582886 -0.14466804265975952 -0.6807401180267334,-139.79926705360413 -122.11217731237411 539.0036106109619,-1
1,52,4,1.0,-0.6758977770805359 0.7369635105133057 -0.006864570081233978 0.272800087928772 0.2415211945772171 -0.9312613606452942 -0.6846476197242737 -0.6313101649284363 -0.3642873764038086,-324.5653808116913 -123.02932888269424 625.1004338264465,-1
1,52,6,1.0,-0.49325495958328247 -0.8187554478645325 0.2938354015350342 -0.23233886063098907 -0.20151451230049133 -0.9515307545661926 0.8382830023765564 -0.5376166105270386 -0.09083067625761032,0.30212782439775765 -112.09803074598312 580.8030962944031,-1
1,52,8,1.0,-0.9864088892936707 -0.15578347444534302 -0.052239950746297836 -0.030340539291501045 0.4851638078689575 -0.8738967180252075 0.16148360073566437 -0.8604345917701721 -0.4832964539527893,-186.495840549469 -124.72075968980789 457.2029709815979,-1
1,81,1,1.0,-0.9355669617652893 -0.30086734890937805 -0.1849144548177719 0.1813412755727768 -0.8585983514785767 0.47950422763824463 -0.30303439497947693 0.41507571935653687 0.8578358292579651,118.67959052324295 -58.62906575202942 351.01744532585144,-1
1,81,2,1.0,0.04750717431306839 -0.9897949695587158 0.1343468278646469 0.9639599323272705 0.010182460770010948 -0.2658526301383972 0.26177161931991577 0.1421348750591278 0.9546064138412476,-155.86332976818085 -90.11553227901459 347.5656807422638,-1
1,81,3,1.0,-0.19157078862190247 0.5804872512817383 -0.791413426399231 0.7622964978218079 0.5959135890007019 0.2525689899921417 0.6182270646095276 -0.5549068450927734 -0.5566630363464355,-60.6803297996521 -126.31814181804657 542.7899956703186,-1
1,81,4,1.0,-0.7560511827468872 0.6543862223625183 0.012859810143709183 0.23545357584953308 0.29026103019714355 -0.9275292158126831 -0.6106948256492615 -0.69823157787323 -0.3735297620296478,-240.68500101566315 -127.4271309375763 621.6893792152405,-1
1,81,6,1.0,0.7226014137268066 -0.6508746147155762 0.23282913863658905 -0.219707190990448 -0.5355986952781677 -0.8153911828994751 0.6554203629493713 0.5380486249923706 -0.5300261974334717,118.61076951026917 -116.87367409467697 578.0503153800964,-1
1,81,8,1.0,-0.9734668731689453 -0.21212118864059448 -0.08583065122365952 -0.01741226203739643 0.4426664113998413 -0.896517276763916 0.2281646728515625 -0.8712354302406311 -0.4346145987510681,-113.89486491680145 -131.6024214029312 468.95116567611694,-1
1,114,1,1.0,-0.9592907428741455 -0.23252344131469727 -0.160294309258461 0.13469158113002777 -0.8755399584770203 0.4639914035797119 -0.24823296070098877 0.42351233959198 0.8712162375450134,207.7282816171646 -46.15553840994835 369.9361979961395,-1
1,114,2,1.0,0.0687965527176857 -0.9865880608558655 0.14802400767803192 0.9489083886146545 0.018909933045506477 -0.3149847686290741 0.3079610764980316 0.16213108599185944 0.9374825358390808,-70.66687196493149 -80.94900846481323 359.47003960609436,-1
1,114,3,1.0,-0.15895569324493408 0.46985292434692383 -0.8683152794837952 0.7805696725845337 0.5983291268348694 0.1808682531118393 0.604519784450531 -0.6490305662155151 -0.461860716342926,27.990613132715225 -113.18659782409668 558.4049820899963,-1
1,114,4,1.0,-0.8559297323226929 -0.5163955688476562 -0.026833143085241318 -0.11689651012420654 0.2437841296195984 -0.9627587795257568 0.5037057995796204 -0.8209172487258911 -0.26902690529823303,-130.5876523256302 -107.31920599937439 585.7345461845398,-1
1,114,5,1.0,-0.8111225962638855 0.3829757273197174 0.44205182790756226 -0.5394600033760071 -0.7818900346755981 -0.3124595284461975 0.2259715050458908 -0.49191221594810486 0.840808629989624,-257.9822540283203 -131.53932988643646 525.4819393157959,-1
1,114,6,1.0,0.6867111325263977 -0.6843788027763367 0.24505825340747833 -0.24642831087112427 -0.5363194346427917 -0.8072388172149658 0.683886706829071 0.49395063519477844 -0.5369468331336975,216.67379140853882 -101.12147778272629 595.1864719390869,-1
1,114,8,1.0,0.9929811954498291 0.02313099429011345 -0.1159883439540863 -0.11327803134918213 -0.09597188234329224 -0.9889172911643982 -0.034006260335445404 0.9951152205467224 -0.09267804771661758,-7.474367041140795 -114.18057978153229 462.0933532714844,-1
1,141,1,1.0,-0.920956015586853 -0.24310925602912903 -0.3045291006565094 0.07510051131248474 -0.8775981068611145 0.4734782874584198 -0.38236111402511597 0.4131823778152466 0.8264868259429932,279.84780073165894 -42.024433612823486 366.43192172050476,-1
1,141,2,1.0,-0.006982691586017609 -0.9937320947647095 0.11157011985778809 0.9735361337661743 -0.03224250301718712 -0.22624793648719788 0.22842711210250854 0.10703769326210022 0.9676589965820312,-0.17518609820399433 -82.05945044755936 355.1672101020813,-1
1,141,3,1.0,0.05811433866620064 0.6530124545097351 -0.7551143169403076 0.9315375089645386 0.23651233315467834 0.27622464299201965 0.3589719235897064 -0.7194697856903076 -0.5945606827735901,124.19290095567703 -139.87696170806885 721.9344973564148,-1
1,141,4,1.0,-0.1262778490781784 -0.9898689985275269 -0.06491119414567947 -0.5479180812835693 0.12414665520191193 -0.8272688388824463 0.8269461393356323 -0.0688997358083725 -0.5580439567565918,-30.006997287273407 -121.56874686479568 644.7455286979675,-1
1,141,5,1.0,-0.8048744797706604 0.3641153573989868 0.46861183643341064 -0.5369473695755005 -0.7830907702445984 -0.31377753615379333 0.2527143657207489 -0.5041714906692505 0.8258006572723389,-187.29273974895477 -136.06062531471252 529.5891165733337,-1
1,141,6,1.0,-0.05935988575220108 -0.8785992860794067 0.47385650873184204 0.17695821821689606 -0.47643712162971497 -0.8612164258956909 0.9824267625808716 0.03273109346628189 0.18375660479068756,215.97379446029663 -66.16496294736862 441.5974020957947,-1
1,141,7,1.0,-0.41991421580314636 0.18207256495952606 0.8891128301620483 0.8208602070808411 0.4940686821937561 0.2865040898323059 -0.38711830973625183 0.8501445055007935 -0.35692256689071655,-270.986944437027 -41.753992438316345 559.451162815094,-1
1,141,8,1.0,0.9127705693244934 0.40153148770332336 -0.07498153299093246 0.04819903522729874 -0.2881584167480469 -0.9563689827919006 -0.4056188464164734 0.8693315386772156 -0.2823759615421295,58.856602758169174 -105.72609305381775 436.43173575401306,-1
1,164,2,1.0,0.006086927838623524 -0.9812264442443848 0.19276320934295654 0.9748061299324036 -0.03715970367193222 -0.21993649005889893 0.22297048568725586 0.18924552202224731 0.9562793970108032,53.43087390065193 -65.87035953998566 353.2315790653229,-1
1,164,3,1.0,0.23666028678417206 -0.33279305696487427 -0.9128202199935913 0.734818696975708 0.6759542226791382 -0.05592607706785202 0.6356363892555237 -0.6575219035148621 0.40451398491859436,153.229221701622 -97.60505706071854 565.4239654541016,-1
1,164,4,1.0,0.6988722681999207 0.7140331864356995 0.041645169258117676 0.19842171669006348 -0.13761068880558014 -0.9704083204269409 -0.6871728301048279 0.6864546537399292 -0.23785194754600525,-0.16989103460218757 -84.10165458917618 609.5921397209167,-1
1,164,5,1.0,-0.7996737957000732 0.37423428893089294 0.4695430099964142 -0.5402137637138367 -0.7897708415985107 -0.29057058691978455 0.26208987832069397 -0.4860152304172516 0.8337253928184509,-134.11763310432434 -114.17173594236374 524.6999263763428,-1
1,164,7,1.0,-0.14976291358470917 0.487799733877182 0.8600131869316101 0.9721751809120178 -0.08581646531820297 0.21796998381614685 0.18012893199920654 0.8687272071838379 -0.4613746404647827,-141.9285237789154 -14.214321039617062 427.46666073799133,-1
1,164,8,1.0,-0.9558553099632263 -0.2938045561313629 -0.0044128610752522945 -0.09030166268348694 0.3080098628997803 -0.9470878839492798 0.27961796522140503 -0.9048805236816406 -0.3209438621997833,108.57675969600677 -102.46684402227402 483.5836887359619,-1
1,166,2,1.0,0.07775602489709854 -0.9828574657440186 0.167168527841568 0.9744086265563965 0.03944877162575722 -0.22129544615745544 0.21090728044509888 0.1800975203514099 0.9607720971107483,56.98830634355545 -68.11116635799408 363.38260769844055,-1
1,166,3,1.0,0.7991093993186951 0.5615286827087402 0.2147321254014969 0.12721818685531616 0.19114568829536438 -0.973282516002655 -0.5875711441040039 0.8050768971443176 0.08130966126918793,171.39194905757904 -112.675242125988 643.6147689819336,-1
1,166,4,1.0,-0.7033965587615967 0.7107822299003601 -0.004689068533480167 0.2912878394126892 0.28223103284835815 -0.9140552282333374 -0.6483707427978516 -0.6443091034889221 -0.40556252002716064,-10.497139766812325 -91.54973924160004 636.8914842605591,-1
1,166,5,1.0,-0.7961254715919495 0.38596731424331665 0.46606194972991943 -0.5515259504318237 -0.7797269225120544 -0.296387255191803 0.24900521337985992 -0.4930066168308258 0.8336312174797058,-133.37059319019318 -115.14107882976532 529.1679501533508,-1
1,166,7,1.0,-0.05889870226383209 -0.4580047130584717 -0.8869965672492981 0.9582136869430542 0.22321759164333344 -0.17888709902763367 0.27992430329322815 -0.8604683876037598 0.42571911215782166,-196.980819106102 -20.216377452015877 463.8083577156067,-1
1,166,8,1.0,-0.9594545960426331 -0.28041598200798035 -0.028528302907943726 -0.08647029101848602 0.3891634941101074 -0.917101263999939 0.2682719826698303 -0.8774501085281372 -0.39763230085372925,108.75256359577179 -101.14480555057526 478.55839133262634,-1
1,167,2,1.0,-0.04314764589071274 -0.9824177622795105 0.18164120614528656 0.9923950433731079 -0.06312420964241028 -0.10567451268434525 0.11528247594833374 0.17570024728775024 0.9776703119277954,57.47104808688164 -66.59400463104248 363.0448877811432,-1
1,167,3,1.0,-0.35589465498924255 -0.8833366632461548 -0.3050496578216553 -0.9165518879890442 0.2662174701690674 0.2984309792518616 -0.1824054718017578 0.38580378890037537 -0.9043692350387573,157.1337878704071 -94.00308132171631 582.9171538352966,-1
1,167,4,1.0,-0.7033336758613586 0.7105517983436584 -0.020927056670188904 0.37036386132240295 0.3411560356616974 -0.8639694452285767 -0.6067556738853455 -0.6154094934463501 -0.5031092166900635,-9.694677777588367 -91.79756790399551 633.9595317840576,-1
1,167,5,1.0,-0.8073397874832153 0.3558107018470764 0.4707454741001129 -0.522308349609375 -0.8021127581596375 -0.2894982397556305 0.2745843827724457 -0.4795977473258972 0.8334203362464905,-131.35308027267456 -111.88236624002457 523.4410166740417,-1
1,167,7,1.0,-0.19678424298763275 0.44255298376083374 0.8748845458030701 0.9798908233642578 0.058725688606500626 0.19069698452949524 0.03301532566547394 0.8948175311088562 -0.445209801197052,-142.72764325141907 -11.443332768976688 432.8857362270355,-1
1,167,8,1.0,-0.9603723883628845 -0.27662596106529236 -0.03410432115197182 -0.07674995064735413 0.3800959885120392 -0.9217572808265686 0.26794490218162537 -0.8826125860214233 -0.3862646818161011,109.20903086662292 -100.44518858194351 478.7231981754303,-1
1,168,2,1.0,-0.1303834468126297 -0.9826030135154724 0.13225588202476501 0.989039957523346 -0.13822399079799652 -0.051905930042266846 0.06928390264511108 0.12403867393732071 0.9898557066917419,60.07423996925354 -69.07372176647186 371.5282082557678,-1
1,168,3,1.0,0.8038983345031738 -0.571108341217041 0.16608063876628876 0.07054311037063599 -0.18571080267429352 -0.9800689816474915 0.590568482875824 0.7995916604995728 -0.10900484025478363,188.77491354942322 -116.11709743738174 689.6269917488098,-1
1,168,4,1.0,-0.6817654967308044 0.7313117384910583 -0.0194691251963377 0.3946467936038971 0.3452405631542206 -0.8515062928199768 -0.6159950494766235 -0.5882111191749573 -0.5239829421043396,-9.08245425671339 -91.37982130050659 634.2946290969849,-1
1,168,5,1.0,-0.8127081394195557 0.35067760944366455 0.4653288424015045 -0.5142181515693665 -0.807231068611145 -0.2897549569606781 0.2740173041820526 -0.47476667165756226 0.8363678455352783,-130.50605356693268 -110.97264289855957 523.4684944152832,-1
1,168,7,1.0,-0.12911191582679749 0.456900417804718 0.8800978064537048 0.984620213508606 -0.04627442732453346 0.16846883296966553 0.1176995113492012 0.8883134126663208 -0.44389885663986206,-141.83761179447174 -10.977497324347496 437.320351600647,-1
1,168,8,1.0,-0.8884989619255066 -0.45880326628685 0.008312596939504147 -0.18740370869636536 0.34626349806785583 -0.9192286133766174 0.4188667833805084 -0.8182916045188904 -0.39363622665405273,111.08261346817017 -99.75940734148026 475.62646865844727,-1
1,169,2,1.0,-0.05825407803058624 -0.9789511561393738 0.19560448825359344 0.9884111881256104 -0.08407170325517654 -0.12639334797859192 0.14017769694328308 0.18597474694252014 0.9725037813186646,59.81750413775444 -66.80164486169815 368.9422309398651,-1
1,169,3,1.0,-0.48398593068122864 -0.496049702167511 -0.7208968997001648 0.8331431150436401 -0.513166606426239 -0.20623399317264557 -0.2676379084587097 -0.7004246711730957 0.6616458296775818,208.14046263694763 -115.338034927845 693.9710378646851,-1
1,169,4,1.0,-0.6892184019088745 0.7244017124176025 -0.014853913336992264 0.3516363501548767 0.31649264693260193 -0.8810133934020996 -0.6335061192512512 -0.6124337315559387 -0.47285839915275574,-8.95766168832779 -90.81404656171799 635.9387040138245,-1
1,169,5,1.0,-0.8065018653869629 0.3627845346927643 0.4668428301811218 -0.5272430181503296 -0.79860520362854 -0.29024940729141235 0.2675251364707947 -0.4802262783050537 0.8353520631790161,-130.7445466518402 -111.39445751905441 524.8571038246155,-1
1,169,7,1.0,-0.11809646338224411 0.4640205204486847 0.8779169321060181 0.9831522107124329 -0.06957834213972092 0.16902802884578705 0.13951648771762848 0.8830875754356384 -0.44798585772514343,-139.41329717636108 -10.319319553673267 432.74208903312683,-1
1,169,8,1.0,-0.8935275077819824 -0.4489690065383911 0.005962978582829237 -0.17235711216926575 0.33069759607315063 -0.9278643727302551 0.414610356092453 -0.8301000595092773 -0.3728703558444977,112.00457811355591 -100.28240829706192 477.3530960083008,-1
1,170,2,1.0,-0.04531000182032585 -0.9774682521820068 0.20616263151168823 0.9834414124488831 -0.07989530265331268 -0.16266471147537231 0.1754710078239441 0.19537852704524994 0.9649027585983276,59.112321585416794 -65.02591073513031 359.44151878356934,-1
1,170,3,1.0,0.7530881762504578 -0.6061285138130188 0.2558639645576477 0.18415997922420502 -0.1791476607322693 -0.9664322137832642 0.6316196322441101 0.7749285697937012 -0.023289361968636513,190.03282487392426 -114.48787897825241 691.2010908126831,-1
1,170,4,1.0,0.6999595761299133 0.7124793529510498 0.04929254949092865 0.20031248033046722 -0.1296059787273407 -0.971121609210968 -0.6855155825614929 0.6896198391914368 -0.2334374636411667,2.943845698609948 -82.01491087675095 610.9176278114319,-1
1,170,5,1.0,-0.8110182881355286 0.36405396461486816 0.45794549584388733 -0.5220169425010681 -0.8037130832672119 -0.2855587899684906 0.2640979588031769 -0.47064870595932007 0.8418682813644409,-129.82670962810516 -110.35015434026718 522.3374366760254,-1
1,170,7,1.0,-0.05759403854608536 0.9817773103713989 -0.18109698593616486 0.9960065484046936 0.04411067068576813 -0.07762240618467331 -0.0682196170091629 -0.18484441936016083 -0.9803972244262695,-172.4511981010437 -16.65542647242546 445.9579586982727,-1
1,170,8,1.0,-0.9049825668334961 -0.42544278502464294 -0.0022355085238814354 -0.1538274735212326 0.3321048319339752 -0.930614709854126 0.39666569232940674 -0.8418462872505188 -0.3659938871860504,113.09491842985153 -100.83183646202087 480.6270897388458,-1
1,171,2,1.0,-0.030924780294299126 -0.9956915378570557 0.08741864562034607 0.9474029541015625 -0.0013264395529404283 0.3200405240058899 -0.3185456693172455 0.09271786361932755 0.9433621168136597,62.48190253973007 -72.50293344259262 372.2805082798004,-1
1,171,3,1.0,0.7331178188323975 -0.6226258873939514 0.27363336086273193 0.2063547968864441 -0.17973226308822632 -0.9618284702301025 0.6480401158332825 0.7615992426872253 -0.003283071331679821,191.94655120372772 -114.66450989246368 696.0337162017822,-1
1,171,4,1.0,0.695216953754425 0.7169667482376099 0.05130450055003166 0.18201638758182526 -0.10654668509960175 -0.9775059819221497 -0.6953729391098022 0.6889169812202454 -0.20457275211811066,3.404186572879553 -81.92041516304016 610.0308299064636,-1
1,171,5,1.0,-0.810990571975708 0.36405032873153687 0.45799747109413147 -0.5216080546379089 -0.8044678568840027 -0.2841772139072418 0.26498937606811523 -0.4693601727485657 0.8423073887825012,-129.28199768066406 -110.11579632759094 522.1667885780334,-1
1,171,7,1.0,0.6132034063339233 0.7820519208908081 -0.111249640583992 0.7802775502204895 -0.6216209530830383 -0.06895260512828827 -0.12307955324649811 -0.04452356696128845 -0.9913975596427917,-137.8442943096161 -21.686190739274025 382.548063993454,-1
1,171,8,1.0,-0.8916977047920227 -0.4523438811302185 0.016135113313794136 -0.17775392532348633 0.31717449426651 -0.9315600991249084 0.4162677824497223 -0.8335379958152771 -0.3632296025753021,113.06486278772354 -99.86645728349686 479.0932536125183,-1
1,172,2,1.0,-0.049223389476537704 -0.9824510812759399 0.17990851402282715 0.9907343983650208 -0.07085604965686798 -0.11586597561836243 0.12658025324344635 0.17253823578357697 0.9768357276916504,62.545210123062134 -65.79655408859253 366.2039637565613,-1
1,172,3,1.0,0.9079099893569946 -0.38815072178840637 0.15823541581630707 0.025772087275981903 -0.3250952661037445 -0.9453302621841431 0.41837209463119507 0.862352728843689 -0.2851538062095642,169.6978509426117 -99.12784397602081 620.9098696708679,-1
1,172,4,1.0,0.6833184957504272 0.7283371686935425 0.050999462604522705 0.19136974215507507 -0.11125646531581879 -0.9751920700073242 -0.7045944929122925 0.6761265993118286 -0.21540527045726776,3.84532124735415 -81.693634390831 613.2059097290039,-1
1,172,5,1.0,-0.8138799071311951 0.35551464557647705 0.4595748484134674 -0.5138354897499084 -0.8096360564231873 -0.28365975618362427 0.2712430953979492 -0.4670107960700989 0.8416223526000977,-128.7342756986618 -109.63097959756851 522.4925875663757,-1
1,172,7,1.0,-0.07723482698202133 0.9670004844665527 -0.24278602004051208 0.9945048689842224 0.057459618896245956 -0.08751307427883148 -0.07067479193210602 -0.24821093678474426 -0.9661244750022888,-167.84252226352692 -16.902079805731773 434.95774269104004,-1
1,172,8,1.0,0.9994849562644958 0.005271553993225098 -0.03165604919195175 -0.02783556468784809 -0.348502516746521 -0.936894416809082 -0.015971094369888306 0.9372931122779846 -0.3481762707233429,118.69877576828003 -83.12422782182693 431.93182349205017,-1
1,173,2,1.0,-0.06303458660840988 -0.9779704809188843 0.19899925589561462 0.991279661655426 -0.08447255194187164 -0.1011398434638977 0.11572173237800598 0.19088859856128693 0.974766731262207,62.02132999897003 -64.63269144296646 360.3493273258209,-1
1,173,3,1.0,-0.2717677354812622 -0.6299477219581604 -0.7275359034538269 0.9375711679458618 -0.3438025116920471 -0.052538976073265076 -0.2170318067073822 -0.6963949799537659 0.6840550899505615,184.93647873401642 -98.95043075084686 632.103681564331,-1
1,173,4,1.0,0.7085882425308228 0.7038508057594299 0.049968864768743515 0.1788255125284195 -0.11062288284301758 -0.9776421189308167 -0.6825863718986511 0.7016814351081848 -0.20425254106521606,4.4273193925619125 -80.96016198396683 609.4875335693359,-1
1,173,5,1.0,-0.8113663196563721 0.3550263047218323 0.46437153220176697 -0.5168896913528442 -0.806739330291748 -0.2863510847091675 0.27296456694602966 -0.47236448526382446 0.8380705714225769,-128.51956486701965 -109.24354940652847 523.0745077133179,-1
1,173,7,1.0,0.6337948441505432 0.7633365988731384 -0.1249862015247345 0.7605979442596436 -0.6444234251976013 -0.07879941165447235 -0.14069445431232452 -0.04512156546115875 -0.9890244603157043,-135.8666568994522 -20.954512059688568 380.42086362838745,-1
1,173,8,1.0,-0.8688004016876221 -0.49515753984451294 -0.002218371257185936 -0.16005976498126984 0.2850738763809204 -0.9450470209121704 0.4685794711112976 -0.820702075958252 -0.3269270956516266,116.04248732328415 -99.27073866128922 481.1173677444458,-1
1,174,2,1.0,-0.16448919475078583 -0.9589393734931946 0.2310381382703781 0.9832466840744019 -0.17805686593055725 -0.03900761902332306 0.07854387164115906 0.22075115144252777 0.9721624255180359,62.6305490732193 -66.43538177013397 365.5717074871063,-1
1,174,3,1.0,0.9655274152755737 -0.21798942983150482 0.14225825667381287 0.10266231000423431 -0.18331044912338257 -0.9776796698570251 0.23920126259326935 0.9585811495780945 -0.1546119749546051,161.95273399353027 -104.36243563890457 617.7935004234314,-1
1,174,4,1.0,0.6976073980331421 0.7143685221672058 0.05496858060359955 0.18988050520420074 -0.11035691201686859 -0.975585401058197 -0.6908612847328186 0.6910130977630615 -0.21263045072555542,3.6849798634648323 -80.61420917510986 611.0902428627014,-1
1,174,5,1.0,-0.8126108050346375 0.36182087659835815 0.45689091086387634 -0.5173678398132324 -0.808764636516571 -0.27969664335250854 0.2683171033859253 -0.4636651873588562 0.8444053530693054,-128.58235836029053 -108.74323546886444 521.7331647872925,-1
1,174,7,1.0,-0.08358822762966156 0.9495939016342163 -0.30213266611099243 0.9755607843399048 0.01615179516375065 -0.21913465857505798 -0.20320898294448853 -0.31306588649749756 -0.9277368783950806,-164.3114537000656 -15.944821760058403 427.2056818008423,-1
1,174,8,1.0,-0.8724789023399353 -0.4886517822742462 -0.00013270601630210876 -0.16045480966567993 0.28674569725990295 -0.9444741010665894 0.46155697107315063 -0.8240123987197876 -0.3285861015319824,116.24301224946976 -99.61508959531784 483.32181572914124,-1
1,175,2,1.0,-0.038126952946186066 -0.9808545112609863 0.19097331166267395 0.9884386658668518 -0.06508449465036392 -0.1369420439004898 0.14674963057041168 0.18354421854019165 0.9719959497451782,62.244512140750885 -63.42826038599014 354.8487424850464,-1
1,175,3,1.0,-0.051984816789627075 -0.32775431871414185 -0.9433316588401794 0.9775736331939697 0.17633280158042908 -0.11513745784759521 0.2040771245956421 -0.9281615018844604 0.3112373352050781,175.75475573539734 -98.40674698352814 627.1992921829224,-1
1,175,4,1.0,0.7071734070777893 0.7053446173667908 0.04893812909722328 0.18287336826324463 -0.11560893803834915 -0.9763156771659851 -0.6829811334609985 0.6993739008903503 -0.21074429154396057,3.6664509680122137 -80.13620227575302 610.6438040733337,-1
1,175,5,1.0,-0.8152889013290405 0.34957942366600037 0.4616255760192871 -0.5098695158958435 -0.8112699389457703 -0.28613603115081787 0.27447575330734253 -0.4686523973941803 0.8396593928337097,-129.26062941551208 -108.43776166439056 524.0276455879211,-1
1,175,7,1.0,0.48358699679374695 0.8651309609413147 -0.13301078975200653 0.865824818611145 -0.4950934648513794 -0.07231809198856354 -0.12841740250587463 -0.08019197732210159 -0.9884727597236633,-144.49214935302734 -18.4834785759449 400.3607928752899,-1
1,175,8,1.0,-0.8590959310531616 -0.5117437839508057 -0.008514532819390297 -0.15147610008716583 0.27011269330978394 -0.9508386850357056 0.48888564109802246 -0.8155719637870789 -0.30956965684890747,116.25984311103821 -98.42871129512787 481.66486620903015,-1
1,176,2,1.0,-0.05017773061990738 -0.9810619354248047 0.18708255887031555 0.9863384962081909 -0.07810544967651367 -0.14503785967826843 0.15690326690673828 0.17724904417991638 0.9715782403945923,63.63378465175629 -63.79518657922745 360.9214127063751,-1
1,176,3,1.0,0.9174467921257019 -0.3859885334968567 0.09645839035511017 0.14944584667682648 0.10964490473270416 -0.9826717972755432 0.36872392892837524 0.9159644842147827 0.15827776491641998,166.1565601825714 -106.65296018123627 612.0392680168152,-1
1,176,4,1.0,0.7046812772750854 0.7079278826713562 0.04756578058004379 0.1872689574956894 -0.12091052532196045 -0.9748390913009644 -0.6843645572662354 0.6958584189414978 -0.21777625381946564,3.3032007049769163 -79.63964343070984 611.5704774856567,-1
