{
  "fl_x": 1459.3889380610906,
  "fl_y": 1454.4214900095028,
  "cx": 954.691394115247,
  "cy": 535.1184063087003,
  "w": 1920,
  "h": 1080,
  "k1": 0.09668648408683915,
  "k2": -0.23222218453846194,
  "p1": -0.0006138641521862251,
  "p2": -0.0009708109126185855,
  "camera_angle_x": 1.1636913426738957,
  "camera_angle_y": 0.7110135242481365,
  "aabb_scale": 2,
  "scale": 1,
  "orientation_override": "none",
  "applied_scale": 1.0,
  "applied_transform": [
    [
      1.0,
      0.0,
      0.0,
      0.0
    ],
    [
      0.0,
      1.0,
      0.0,
      0.0
    ],
    [
      0.0,
      0.0,
      1.0,
      0.0
    ]
  ],
  "frames": [
    {
      "file_path": "color/000000.png",
      "transform_matrix": [
        [
          -0.03532529344812921,
          -0.3032179406179493,
          0.9522662464511769,
          0.799148086458201
        ],
        [
          0.9991016215870456,
          0.011606317140134076,
          0.040758350611605265,
          0.44637576391317424
        ],
        [
          -0.023410967193592702,
          0.9528505517077968,
          0.3025355396068504,
          0.197252818383788
        ],
        [
          0.0,
          0.0,
          0.0,
          1.0
        ]
      ],
      "sharpness": 201.05305021910482
    },
    {
      "file_path": "color/000002.png",
      "transform_matrix": [
        [
          -0.03731491610492427,
          -0.3017877241645766,
          0.9526446171472589,
          0.7999673884337544
        ],
        [
          0.9990687143517676,
          0.009399872683652777,
          0.042111119636469685,
          0.44675156457469706
        ],
        [
          -0.02166335707106376,
          0.9533288057837632,
          0.30115591812766207,
          0.19504486544082328
        ],
        [
          0.0,
          0.0,
          0.0,
          1.0
        ]
      ],
      "sharpness": 216.988606287999
    },
    {
      "file_path": "color/000004.png",
      "transform_matrix": [
        [
          -0.03392409543314856,
          -0.30451901235805273,
          0.9519019523362262,
          0.7994790100027428
        ],
        [
          0.9991694023477651,
          0.011180746135616593,
          0.039185409629873824,
          0.4448604862421602
        ],
        [
          -0.022575676314404103,
          0.9524406343853287,
          0.30388678288240867,
          0.19730160830757598
        ],
        [
          0.0,
          0.0,
          0.0,
          1.0
        ]
      ],
      "sharpness": 210.19611737653105
    },
    {
      "file_path": "color/000005.png",
      "transform_matrix": [
        [
          -0.03187096139718473,
          -0.3083804301383409,
          0.9507290634704038,
          0.7990671806874233
        ],
        [
          0.9992883721333541,
          0.009368157601991528,
          0.03653747312301975,
          0.4438425029815621
        ],
        [
          -0.020174021381229423,
          0.9512169825706625,
          0.30786240584143043,
          0.19850682701106495
        ],
        [
          0.0,
          0.0,
          0.0,
          1.0
        ]
      ],
      "sharpness": 208.00472559211428
    },
    {
      "file_path": "color/000006.png",
      "transform_matrix": [
        [
          -0.03239588504374191,
          -0.3052921970691388,
          0.9517075081352097,
          0.7985164438123269
        ],
        [
          0.9992540439438525,
          0.010133188912663682,
          0.03726491841285806,
          0.44325523102324593
        ],
        [
          -0.021020520785398178,
          0.9522048061689028,
          0.3047361888826993,
          0.19604712527981846
        ],
        [
          0.0,
          0.0,
          0.0,
          1.0
        ]
      ],
      "sharpness": 210.5595032663678
    },
    {
      "file_path": "color/000007.png",
      "transform_matrix": [
        [
          -0.03529608048099006,
          -0.30567282294868076,
          0.9514821658934358,
          0.8032734280960677
        ],
        [
          0.9992283266369137,
          0.005622110868635705,
          0.03887342428670426,
          0.4429452836061184
        ],
        [
          -0.017231887565581194,
          0.9521200119627594,
          0.3052385048956995,
          0.19626398320814992
        ],
        [
          0.0,
          0.0,
          0.0,
          1.0
        ]
      ],
      "sharpness": 202.04990302860494
    },
    {
      "file_path": "color/000008.png",
      "transform_matrix": [
        [
          -0.03194736517992919,
          -0.3059537506940683,
          0.9515102039885293,
          0.7996386009772104
        ],
        [
          0.9992971153784533,
          0.008902813683962119,
          0.03641449031375982,
          0.44200235061162885
        ],
        [
          -0.019612267955606333,
          0.9520047491187955,
          0.30545427906791056,
          0.19857337347919912
        ],
        [
          0.0,
          0.0,
          0.0,
          1.0
        ]
      ],
      "sharpness": 226.57751149904203
    },
    {
      "file_path": "color/000009.png",
      "transform_matrix": [
        [
          -0.03057995261946858,
          -0.3044076157137652,
          0.9520508757378736,
          0.7977426133773609
        ],
        [
          0.9993547457368175,
          0.008642286509732672,
          0.03486263124299077,
          0.4407366480585142
        ],
        [
          -0.018840346894155646,
          0.9525026584631375,
          0.303946914689989,
          0.19788035702980877
        ],
        [
          0.0,
          0.0,
          0.0,
          1.0
        ]
      ],
      "sharpness": 210.04320550459866
    },
    {
      "file_path": "color/000010.png",
      "transform_matrix": [
        [
          -0.03135042337493801,
          -0.30301245190590087,
          0.9524707895490478,
          0.7972106690312706
        ],
        [
          0.9993239124111394,
          0.0088086307463974,
          0.035694903104886766,
          0.4404270782011659
        ],
        [
          -0.01920596359222243,
          0.9529458861941469,
          0.30253143464464394,
          0.1945360892405028
        ],
        [
          0.0,
          0.0,
          0.0,
          1.0
        ]
      ],
      "sharpness": 208.92007860638768
    },
    {
      "file_path": "color/000011.png",
      "transform_matrix": [
        [
          -0.029012376129940398,
          -0.30879177269051084,
          0.9506870795114168,
          0.7976196755735859
        ],
        [
          0.9993905141920588,
          0.009510801957141102,
          0.0335878666941587,
          0.4394187767961181
        ],
        [
          -0.019413453433827776,
          0.9510821130505948,
          0.30832763752376896,
          0.19771603436818824
        ],
        [
          0.0,
          0.0,
          0.0,
          1.0
        ]
      ],
      "sharpness": 203.11817466744418
    },
    {
      "file_path": "color/000012.png",
      "transform_matrix": [
        [
          -0.030702091734648662,
          -0.3048989572800163,
          0.9518897033862042,
          0.7970009005672823
        ],
        [
          0.9993515550899887,
          0.008559028151653436,
          0.03497445319544418,
          0.4376302662444013
        ],
        [
          -0.018810925079281227,
          0.9523462442235271,
          0.30443846703562877,
          0.19517860042592713
        ],
        [
          0.0,
          0.0,
          0.0,
          1.0
        ]
      ],
      "sharpness": 212.04472412466498
    },
    {
      "file_path": "color/000034.png",
      "transform_matrix": [
        [
          -0.041290605152975696,
          -0.2964877446765323,
          0.954143649133989,
          0.7864837672428164
        ],
        [
          0.9990145853479697,
          0.003306239620672141,
          0.04425976775351331,
          0.3800828616758131
        ],
        [
          -0.016277106257725715,
          0.9550309345964634,
          0.2960590646740623,
          0.2098249413246717
        ],
        [
          0.0,
          0.0,
          0.0,
          1.0
        ]
      ],
      "sharpness": 210.26386233728772
    },
    {
      "file_path": "color/000037.png",
      "transform_matrix": [
        [
          -0.04454638937916963,
          -0.29965670470267,
          0.9530065469449914,
          0.785027014560122
        ],
        [
          0.9989306020226623,
          -0.0015389073262616348,
          0.04620913445286262,
          0.3731946672193356
        ],
        [
          -0.01238028820023851,
          0.9540458537675105,
          0.29940480519373935,
          0.20742641830691957
        ],
        [
          0.0,
          0.0,
          0.0,
          1.0
        ]
      ],
      "sharpness": 205.07597550406524
    },
    {
      "file_path": "color/000038.png",
      "transform_matrix": [
        [
          -0.04686332864256551,
          -0.29838334123421967,
          0.9532949229396128,
          0.7838688268600865
        ],
        [
          0.9988004235086003,
          -0.00043390322270228654,
          0.04896453540098389,
          0.37216434465389125
        ],
        [
          -0.014196563935677586,
          0.9544460138750105,
          0.2980457417419743,
          0.2074738610677462
        ],
        [
          0.0,
          0.0,
          0.0,
          1.0
        ]
      ],
      "sharpness": 200.2406375352313
    },
    {
      "file_path": "color/000040.png",
      "transform_matrix": [
        [
          -0.04444364969083062,
          -0.3015739497239266,
          0.952406381147286,
          0.7827739030532999
        ],
        [
          0.998958556259827,
          -0.003564412649040255,
          0.04548733711429537,
          0.365276507007889
        ],
        [
          -0.010323026563993754,
          0.9534361267596156,
          0.3014182929289148,
          0.20579470813626943
        ],
        [
          0.0,
          0.0,
          0.0,
          1.0
        ]
      ],
      "sharpness": 206.45062565586417
    },
    {
      "file_path": "color/000042.png",
      "transform_matrix": [
        [
          -0.04342589675423819,
          -0.30006605465069,
          0.9529294592662454,
          0.7818224382835228
        ],
        [
          0.999041232336296,
          -0.007743552151873889,
          0.0430889021912334,
          0.3591864615400702
        ],
        [
          -0.00555045791486769,
          0.9538869955327203,
          0.30011463171677405,
          0.20570341383397522
        ],
        [
          0.0,
          0.0,
          0.0,
          1.0
        ]
      ],
      "sharpness": 223.93823293441753
    },
    {
      "file_path": "color/000052.png",
      "transform_matrix": [
        [
          -0.05276518277497633,
          -0.29255511615332075,
          0.9547917780852745,
          0.7739825848111901
        ],
        [
          0.9986062756994475,
          -0.014349240831530996,
          0.05078981611738198,
          0.3220657485612812
        ],
        [
          -0.0011582833859151709,
          0.9561409955127306,
          0.29290451529384476,
          0.20381069577094815
        ],
        [
          0.0,
          0.0,
          0.0,
          1.0
        ]
      ],
      "sharpness": 204.29286939440226
    },
    {
      "file_path": "color/000081.png",
      "transform_matrix": [
        [
          -0.08962878982428035,
          -0.2980971449031073,
          0.9503182478702861,
          0.7800312857320791
        ],
        [
          0.9959707037662853,
          -0.023945944370545313,
          0.08642308133532867,
          0.22475789279195435
        ],
        [
          -0.00300620590197459,
          0.954235130326283,
          0.29904226921499966,
          0.20519223929070546
        ],
        [
          0.0,
          0.0,
          0.0,
          1.0
        ]
      ],
      "sharpness": 203.5633018247305
    },
    {
      "file_path": "color/000114.png",
      "transform_matrix": [
        [
          -0.1459026277596667,
          -0.2717877497999404,
          0.9512328013012951,
          0.800656420306437
        ],
        [
          0.9892963472354563,
          -0.03787547274018077,
          0.140919075753751,
          0.12557701528174248
        ],
        [
          -0.0022716864677463366,
          0.9616115991518575,
          0.27440475910085704,
          0.21564586578046963
        ],
        [
          0.0,
          0.0,
          0.0,
          1.0
        ]
      ],
      "sharpness": 215.0931206459892
    },
    {
      "file_path": "color/000141.png",
      "transform_matrix": [
        [
          -0.16248772645700407,
          -0.26642932069332886,
          0.9500595538310874,
          0.8087286109307996
        ],
        [
          0.9866886902094534,
          -0.05028493342497847,
          0.15465074873145218,
          0.01973452382741161
        ],
        [
          0.006570187484925438,
          0.9625418653468205,
          0.27105348197556156,
          0.20848621976764656
        ],
        [
          0.0,
          0.0,
          0.0,
          1.0
        ]
      ],
      "sharpness": 212.22092920174072
    },
    {
      "file_path": "color/000164.png",
      "transform_matrix": [
        [
          -0.15967971442828227,
          -0.24469495407362618,
          0.9563612122263263,
          0.8145534344257455
        ],
        [
          0.9871667180036988,
          -0.037555123916996724,
          0.15521431484687542,
          -0.06714493121434287
        ],
        [
          -0.0020638958084566728,
          0.968872536569432,
          0.24755150618731214,
          0.21655231562983512
        ],
        [
          0.0,
          0.0,
          0.0,
          1.0
        ]
      ],
      "sharpness": 200.56433570588453
    },
    {
      "file_path": "color/000166.png",
      "transform_matrix": [
        [
          -0.1557809892074495,
          -0.24388271797645478,
          0.9572113158931865,
          0.8145036454780991
        ],
        [
          0.9877907622919161,
          -0.037185233941792295,
          0.1512834039392612,
          -0.07424018373191234
        ],
        [
          -0.0013012810242179484,
          0.969091573716907,
          0.24669784842714945,
          0.21755361766185896
        ],
        [
          0.0,
          0.0,
          0.0,
          1.0
        ]
      ],
      "sharpness": 209.63550104338483
    },
    {
      "file_path": "color/000167.png",
      "transform_matrix": [
        [
          -0.15606996352103344,
          -0.24463023776627824,
          0.9569734652836295,
          0.8165426879905633
        ],
        [
          0.9877422258571177,
          -0.035973588683095914,
          0.15189205435468545,
          -0.07545323839973588
        ],
        [
          -0.0027316195508448327,
          0.9689488880677216,
          0.24724601223671097,
          0.21898226952393948
        ],
        [
          0.0,
          0.0,
          0.0,
          1.0
        ]
      ],
      "sharpness": 201.93119680182463
    },
    {
      "file_path": "color/000168.png",
      "transform_matrix": [
        [
          -0.14989653220195318,
          -0.2437160336969572,
          0.9581928430920638,
          0.8171770110747508
        ],
        [
          0.9886933916109577,
          -0.032978920009687496,
          0.14627976011675653,
          -0.08008602310787367
        ],
        [
          -0.004050557819610057,
          0.9692857606268743,
          0.24590385769103293,
          0.2177493267458855
        ],
        [
          0.0,
          0.0,
          0.0,
          1.0
        ]
      ],
      "sharpness": 229.70030404966803
    },
    {
      "file_path": "color/000169.png",
      "transform_matrix": [
        [
          -0.15162171333030844,
          -0.24388190416364597,
          0.9578791535826929,
          0.8151376690303288
        ],
        [
          0.9884299785471355,
          -0.03336362664911158,
          0.14796298836576666,
          -0.08089525447641645
        ],
        [
          -0.004127172893286624,
          0.9692308730319794,
          0.24611883553595815,
          0.21813757826814598
        ],
        [
          0.0,
          0.0,
          0.0,
          1.0
        ]
      ],
      "sharpness": 222.71994836927922
    },
    {
      "file_path": "color/000170.png",
      "transform_matrix": [
        [
          -0.1481073432723699,
          -0.24465421397768095,
          0.9582319815429683,
          0.81663267985264
        ],
        [
          0.9889501460107434,
          -0.030302404018994145,
          0.1451184792367911,
          -0.08327239718960815
        ],
        [
          -0.0064671148226772,
          0.9691367704785702,
          0.24643882918939042,
          0.218402645102578
        ],
        [
          0.0,
          0.0,
          0.0,
          1.0
        ]
      ],
      "sharpness": 224.12461556360734
    },
    {
      "file_path": "color/000171.png",
      "transform_matrix": [
        [
          -0.14510917777830248,
          -0.2446275242301706,
          0.9586973979903786,
          0.8185819910563144
        ],
        [
          0.9894008550151232,
          -0.03057819820385163,
          0.14195394284749285,
          -0.08712019381670968
        ],
        [
          -0.005410602540226739,
          0.9691348452014422,
          0.24647185883286657,
          0.21812563274195926
        ],
        [
          0.0,
          0.0,
          0.0,
          1.0
        ]
      ],
      "sharpness": 223.51289248917604
    },
    {
      "file_path": "color/000172.png",
      "transform_matrix": [
        [
          -0.14561932123070506,
          -0.2434915455804239,
          0.9589092139066998,
          0.8178539472670345
        ],
        [
          0.9893306204740688,
          -0.03146439249879787,
          0.14224948294132955,
          -0.08769008628662366
        ],
        [
          -0.00446505058232638,
          0.9693925207239521,
          0.2454754653478822,
          0.2191226570135179
        ],
        [
          0.0,
          0.0,
          0.0,
          1.0
        ]
      ],
      "sharpness": 229.48750714425208
    },
    {
      "file_path": "color/000173.png",
      "transform_matrix": [
        [
          -0.14254432434149072,
          -0.24368936505068506,
          0.959320910310633,
          0.8161875621415531
        ],
        [
          0.9897662998343495,
          -0.028614449822789212,
          0.13979944554095897,
          -0.09063260758729891
        ],
        [
          -0.006617198066278029,
          0.9694311252598262,
          0.24527434857159164,
          0.21898673031401908
        ],
        [
          0.0,
          0.0,
          0.0,
          1.0
        ]
      ],
      "sharpness": 222.34555735304974
    },
    {
      "file_path": "color/000174.png",
      "transform_matrix": [
        [
          -0.13976555476999283,
          -0.2450875216402602,
          0.9593735958614198,
          0.8179926954407875
        ],
        [
          0.9901697787100818,
          -0.029288385319163474,
          0.13676987904733884,
          -0.09244580819456732
        ],
        [
          -0.005422087150129762,
          0.9690584591352738,
          0.24677176448958896,
          0.22044133607268837
        ],
        [
          0.0,
          0.0,
          0.0,
          1.0
        ]
      ],
      "sharpness": 234.12295433133386
    },
    {
      "file_path": "color/000175.png",
      "transform_matrix": [
        [
          -0.1362709503165947,
          -0.24548082648387493,
          0.9597756987591453,
          0.8172784911536501
        ],
        [
          0.9906362705248072,
          -0.025583249322116253,
          0.13410919757728457,
          -0.09505162526166756
        ],
        [
          -0.00836705566569751,
          0.9690638065591533,
          0.24666846413064436,
          0.2208032800042368
        ],
        [
          0.0,
          0.0,
          0.0,
          1.0
        ]
      ],
      "sharpness": 224.55570883858184
    },
    {
      "file_path": "color/000176.png",
      "transform_matrix": [
        [
          -0.13369884658117281,
          -0.24573925449314088,
          0.9600712667422242,
          0.8182771513764658
        ],
        [
          0.9909959445641516,
          -0.02612598473870753,
          0.13131820429337826,
          -0.09794049935803165
        ],
        [
          -0.007187230361453745,
          0.9689838242832478,
          0.2470196186482832,
          0.22264178156428246
        ],
        [
          0.0,
          0.0,
          0.0,
          1.0
        ]
      ],
      "sharpness": 228.39585388057793
    },
    {
      "file_path": "color/000177.png",
      "transform_matrix": [
        [
          -0.1315093287973608,
          -0.2423357281184471,
          0.961238103342023,
          0.8179809790683704
        ],
        [
          0.9913019233328215,
          -0.027180440088555802,
          0.12877002940607507,
          -0.1002928112482374
        ],
        [
          -0.005078704157230218,
          0.9698116407601501,
          0.2438023548085391,
          0.22231476770496642
        ],
        [
          0.0,
          0.0,
          0.0,
          1.0
        ]
      ],
      "sharpness": 218.09266918682974
    },
    {
      "file_path": "color/000178.png",
      "transform_matrix": [
        [
          -0.13024561772431162,
          -0.2429221419069233,
          0.9612621453250748,
          0.8190866664117215
        ],
        [
          0.9914718526954419,
          -0.027577028414662086,
          0.1273698269469074,
          -0.10219302278107463
        ],
        [
          -0.004432197680688255,
          0.9696537219415855,
          0.24444225319807075,
          0.22469214756702885
        ],
        [
          0.0,
          0.0,
          0.0,
          1.0
        ]
      ],
      "sharpness": 220.25521067672514
    },
    {
      "file_path": "color/000179.png",
      "transform_matrix": [
        [
          -0.12549799237955295,
          -0.2453968552410682,
          0.9612651233382474,
          0.8194155178098361
        ],
        [
          0.9920818315708941,
          -0.02626792578391779,
          0.12281545318872011,
          -0.10599263444314022
        ],
        [
          -0.0048880850690009026,
          0.9690667569949992,
          0.2467503335591532,
          0.22640231967785962
        ],
        [
          0.0,
          0.0,
          0.0,
          1.0
        ]
      ],
      "sharpness": 213.33761372632088
    },
    {
      "file_path": "color/000180.png",
      "transform_matrix": [
        [
          -0.12214264472247763,
          -0.24202675653188555,
          0.9625508939598229,
          0.8210271775531842
        ],
        [
          0.9925041624277028,
          -0.02579600786362274,
          0.11945732937741471,
          -0.10864198262747059
        ],
        [
          -0.004081899543452117,
          0.9699266029452721,
          0.24336335590051741,
          0.22693043299890145
        ],
        [
          0.0,
          0.0,
          0.0,
          1.0
        ]
      ],
      "sharpness": 223.8914086205564
    },
    {
      "file_path": "color/000181.png",
      "transform_matrix": [
        [
          -0.12388630911193216,
          -0.24037172960304876,
          0.9627427558918642,
          0.8214979191700807
        ],
        [
          0.9922874797612895,
          -0.025891519504955773,
          0.12122370530021265,
          -0.10997695112462576
        ],
        [
          -0.004211878869473329,
          0.9703355403288921,
          0.2417254625624401,
          0.22784172312153111
        ],
        [
          0.0,
          0.0,
          0.0,
          1.0
        ]
      ],
      "sharpness": 224.2233794732508
    },
    {
      "file_path": "color/000182.png",
      "transform_matrix": [
        [
          -0.11955198971006412,
          -0.23926404915852334,
          0.9635663114371695,
          0.8213972967586337
        ],
        [
          0.9928104673522569,
          -0.023052460262172753,
          0.11745620456857103,
          -0.11299634323995482
        ],
        [
          -0.005890472999494412,
          0.9706808429427918,
          0.24029981995772196,
          0.2265865192167196
        ],
        [
          0.0,
          0.0,
          0.0,
          1.0
        ]
      ],
      "sharpness": 253.19294921980688
    },
    {
      "file_path": "color/000183.png",
      "transform_matrix": [
        [
          -0.11962287972852356,
          -0.23892629136858884,
          0.9636413201696508,
          0.8216123755348684
        ],
        [
          0.9928075074210183,
          -0.024036107921070055,
          0.11728392355506922,
          -0.11607588641014496
        ],
        [
          -0.004860026123369665,
          0.9707401778070478,
          0.24008308423798078,
          0.22744911614860858
        ],
        [
          0.0,
          0.0,
          0.0,
          1.0
        ]
      ],
      "sharpness": 249.1818530718768
    },
    {
      "file_path": "color/000184.png",
      "transform_matrix": [
        [
          -0.11433844227261114,
          -0.23688523612986884,
          0.9647860413181615,
          0.8232562790652376
        ],
        [
          0.9934273666330502,
          -0.022018429275576623,
          0.1123265596230919,
          -0.12004564278009915
        ],
        [
          -0.005365430383144465,
          0.9712881002441721,
          0.23784582922740294,
          0.22802857565917034
        ],
        [
          0.0,
          0.0,
          0.0,
          1.0
        ]
      ],
      "sharpness": 218.7860956002359
    },
    {
      "file_path": "color/000185.png",
      "transform_matrix": [
        [
          -0.11473478292632938,
          -0.23638337575760798,
          0.9648620778392556,
          0.823292292699006
        ],
        [
          0.9933952882814252,
          -0.026015360418304045,
          0.11175420458564439,
          -0.12244164810062723
        ],
        [
          -0.0013156014261190285,
          0.9713115363711806,
          0.23780699843600978,
          0.22808630209244957
        ],
        [
          0.0,
          0.0,
          0.0,
          1.0
        ]
      ],
      "sharpness": 210.1838983377664
    },
    {
      "file_path": "color/000186.png",
      "transform_matrix": [
        [
          -0.11047027378476965,
          -0.2354480790820137,
          0.9655881734292876,
          0.8259181744899627
        ],
        [
          0.9938776226948076,
          -0.02431808462515367,
          0.10777709342286834,
          -0.12613841316092222
        ],
        [
          -0.0018946547009560666,
          0.9715826433282728,
          0.23669300257255266,
          0.227071363045894
        ],
        [
          0.0,
          0.0,
          0.0,
          1.0
        ]
      ],
      "sharpness": 243.39092467922893
    },
    {
      "file_path": "color/000187.png",
      "transform_matrix": [
        [
          -0.10747123154483379,
          -0.23368445168722518,
          0.9663547544405611,
          0.8273799253083762
        ],
        [
          0.9941999243152722,
          -0.029225031446897226,
          0.1035007634195737,
          -0.13258933647105073
        ],
        [
          0.004055228938471822,
          0.9718731782370416,
          0.2354699143026297,
          0.22679715652228477
        ],
        [
          0.0,
          0.0,
          0.0,
          1.0
        ]
      ],
      "sharpness": 218.84446129338127
    },
    {
      "file_path": "color/000188.png",
      "transform_matrix": [
        [
          -0.1080171131520192,
          -0.23283483921393328,
          0.9664989606380991,
          0.828138148736288
        ],
        [
          0.9941451398912009,
          -0.028019412941754945,
          0.10435685568808628,
          -0.13553226870872512
        ],
        [
          0.002782821770888677,
          0.9721125707173122,
          0.23449819990006368,
          0.22883666964772784
        ],
        [
          0.0,
          0.0,
          0.0,
          1.0
        ]
      ],
      "sharpness": 225.01289581963604
    },
    {
      "file_path": "color/000189.png",
      "transform_matrix": [
        [
          -0.10659474342291389,
          -0.23300720049598123,
          0.9666153346557403,
          0.8296250642073278
        ],
        [
          0.9942916393730602,
          -0.029533586838109666,
          0.1025275724930052,
          -0.13975586240090376
        ],
        [
          0.004657955284859905,
          0.9720264460216612,
          0.23482523647824302,
          0.22863510306551071
        ],
        [
          0.0,
          0.0,
          0.0,
          1.0
        ]
      ],
      "sharpness": 217.53857644540076
    },
    {
      "file_path": "color/000190.png",
      "transform_matrix": [
        [
          -0.1033017804557681,
          -0.23072253986659697,
          0.9675204658053365,
          0.8311183895396133
        ],
        [
          0.9946388322237533,
          -0.02858385051429324,
          0.09938086798949503,
          -0.14488536623828768
        ],
        [
          0.004726054087415832,
          0.972599646867756,
          0.23243836027101827,
          0.22740203930502936
        ],
        [
          0.0,
          0.0,
          0.0,
          1.0
        ]
      ],
      "sharpness": 219.7956083410946
    },
    {
      "file_path": "color/000191.png",
      "transform_matrix": [
        [
          -0.10323442530359686,
          -0.2286614576043045,
          0.968016834171034,
          0.8321799636558931
        ],
        [
          0.9946290578212653,
          -0.031033631793568273,
          0.09874184034786682,
          -0.14898315011980962
        ],
        [
          0.007462624861164724,
          0.973011228868391,
          0.23063706928029895,
          0.22691374061530617
        ],
        [
          0.0,
          0.0,
          0.0,
          1.0
        ]
      ],
      "sharpness": 216.0910068094052
    },
    {
      "file_path": "color/000193.png",
      "transform_matrix": [
        [
          -0.10304562332576478,
          -0.2304789623452414,
          0.9676058326765429,
          0.8339668645129094
        ],
        [
          0.9946328243168983,
          -0.03300555314793213,
          0.09806211425820699,
          -0.15593364415319094
        ],
        [
          0.009335111397042739,
          0.9725173938689531,
          0.2326430190604158,
          0.22555006900702324
        ],
        [
          0.0,
          0.0,
          0.0,
          1.0
        ]
      ],
      "sharpness": 205.98145632500245
    },
    {
      "file_path": "color/000198.png",
      "transform_matrix": [
        [
          -0.09485475856421574,
          -0.24328996570595168,
          0.9653043910417696,
          0.8404124855117467
        ],
        [
          0.9954901217724177,
          -0.021806848419544306,
          0.09232485480922487,
          -0.17388005798507014
        ],
        [
          -0.00141146422617483,
          0.9697084375980258,
          0.2442612409285074,
          0.22743350876897855
        ],
        [
          0.0,
          0.0,
          0.0,
          1.0
        ]
      ],
      "sharpness": 218.95839010883637
    },
    {
      "file_path": "color/000199.png",
      "transform_matrix": [
        [
          -0.09299280456941189,
          -0.24341646074207635,
          0.9654536575818211,
          0.8425226896813158
        ],
        [
          0.9956657092511509,
          -0.021311903560663176,
          0.0905295431780338,
          -0.17811939138676522
        ],
        [
          -0.001460725750320635,
          0.9696876968418349,
          0.24434327671098327,
          0.22809094647951475
        ],
        [
          0.0,
          0.0,
          0.0,
          1.0
        ]
      ],
      "sharpness": 204.33387735462216
    },
    {
      "file_path": "color/000200.png",
      "transform_matrix": [
        [
          -0.09471744950648031,
          -0.24638352049007478,
          0.9645329261305207,
          0.8424133864661917
        ],
        [
          0.9954923751939035,
          -0.018720275980655038,
          0.09297570756928197,
          -0.18025304085874408
        ],
        [
          -0.00485135958138333,
          0.9689915954734206,
          0.24704605281624548,
          0.23095279682598543
        ],
        [
          0.0,
          0.0,
          0.0,
          1.0
        ]
      ],
      "sharpness": 208.42499835691524
    },
    {
      "file_path": "color/000201.png",
      "transform_matrix": [
        [
          -0.09115077676621353,
          -0.24318566079842385,
          0.9656874599356411,
          0.8437249818872735
        ],
        [
          0.9958326172615465,
          -0.019348473841265257,
          0.08912370592627161,
          -0.1840663886308726
        ],
        [
          -0.0029890287610821464,
          0.9697867657078273,
          0.24393584149324515,
          0.23042353759902245
        ],
        [
          0.0,
          0.0,
          0.0,
          1.0
        ]
      ],
      "sharpness": 213.13424985019805
    },
    {
      "file_path": "color/000202.png",
      "transform_matrix": [
        [
          -0.09130026696266202,
          -0.24355643640776825,
          0.9655798897744792,
          0.8443301724242095
        ],
        [
          0.9958109000498463,
          -0.017469786845125235,
          0.08975220269999479,
          -0.18757185410012717
        ],
        [
          -0.00499125179305876,
          0.9697293791733519,
          0.2441311503548937,
          0.2327317025780319
        ],
        [
          0.0,
          0.0,
          0.0,
          1.0
        ]
      ],
      "sharpness": 221.34045235004606
    },
    {
      "file_path": "color/000203.png",
      "transform_matrix": [
        [
          -0.09184410667254064,
          -0.2424947587823273,
          0.9657955021807794,
          0.8448145477206334
        ],
        [
          0.9957627911621146,
          -0.017889389492175722,
          0.09020218113012618,
          -0.1899898720132848
        ],
        [
          -0.004596064246486287,
          0.9699877636891603,
          0.24311029284409982,
          0.2336340677554722
        ],
        [
          0.0,
          0.0,
          0.0,
          1.0
        ]
      ],
      "sharpness": 218.66089719004933
    },
    {
      "file_path": "color/000204.png",
      "transform_matrix": [
        [
          -0.09258734111689423,
          -0.24510504069656008,
          0.9650653362804205,
          0.8474406170460757
        ],
        [
          0.9956816629326164,
          -0.01621703265156474,
          0.09140587482059076,
          -0.19182154715537644
        ],
        [
          -0.0067535445984526765,
          0.969360885778416,
          0.24554808644793177,
          0.2361222414920733
        ],
        [
          0.0,
          0.0,
          0.0,
          1.0
        ]
      ],
      "sharpness": 216.37227950759188
    },
    {
      "file_path": "color/000205.png",
      "transform_matrix": [
        [
          -0.09046114886771583,
          -0.24199749746989363,
          0.9660507190431782,
          0.8477501888391252
        ],
        [
          0.9958979938400413,
          -0.020041605815593333,
          0.08823559316802498,
          -0.1959406961276732
        ],
        [
          -0.001991585025499787,
          0.9700698661718345,
          0.2428178089318101,
          0.2358402251615323
        ],
        [
          0.0,
          0.0,
          0.0,
          1.0
        ]
      ],
      "sharpness": 205.1453881539532
    },
    {
      "file_path": "color/000206.png",
      "transform_matrix": [
        [
          -0.09220515601651583,
          -0.23998841557173856,
          0.9663869667971193,
          0.8480078083520515
        ],
        [
          0.9957332343115987,
          -0.01863682948279477,
          0.0903769587571539,
          -0.19665055827277175
        ],
        [
          -0.0036790340217285333,
          0.9705968416279727,
          0.24068285300467754,
          0.23709664200933508
        ],
        [
          0.0,
          0.0,
          0.0,
          1.0
        ]
      ],
      "sharpness": 215.13593492044623
    },
    {
      "file_path": "color/000208.png",
      "transform_matrix": [
        [
          -0.09006645927683832,
          -0.2368881433750032,
          0.9673531105246299,
          0.8503364662669701
        ],
        [
          0.9959349336837089,
          -0.022671971319967676,
          0.08717562494695547,
          -0.20324909076234268
        ],
        [
          0.0012809300368560317,
          0.971272355853295,
          0.23796716154425634,
          0.24088262190631043
        ],
        [
          0.0,
          0.0,
          0.0,
          1.0
        ]
      ],
      "sharpness": 220.38583432461644
    },
    {
      "file_path": "color/000209.png",
      "transform_matrix": [
        [
          -0.08799537808125146,
          -0.23465161435192067,
          0.9680885462179454,
          0.8515167794585901
        ],
        [
          0.9961208713841607,
          -0.02087672370067037,
          0.08548316793606908,
          -0.20623640111964345
        ],
        [
          0.00015175374106074502,
          0.9718553299177626,
          0.2355784257550736,
          0.23985728519085056
        ],
        [
          0.0,
          0.0,
          0.0,
          1.0
        ]
      ],
      "sharpness": 224.78876713039983
    },
    {
      "file_path": "color/000210.png",
      "transform_matrix": [
        [
          -0.0868451623451438,
          -0.2349129311390703,
          0.9681290371437561,
          0.8512061370704217
        ],
        [
          0.9962197763163172,
          -0.02244757155833213,
          0.08391819711719667,
          -0.20893888782901845
        ],
        [
          0.0020186761782767237,
          0.9717571822810387,
          0.2359743707094126,
          0.2423312870774115
        ],
        [
          0.0,
          0.0,
          0.0,
          1.0
        ]
      ],
      "sharpness": 220.06940357031357
    },
    {
      "file_path": "color/000211.png",
      "transform_matrix": [
        [
          -0.08816515593870042,
          -0.23122792380681467,
          0.9688965644124738,
          0.8537149677345088
        ],
        [
          0.9960879084947165,
          -0.026306878110509052,
          0.08436128682458804,
          -0.21152060497490957
        ],
        [
          0.005981958619569239,
          0.9725438784014164,
          0.23264268902117893,
          0.2409523133499651
        ],
        [
          0.0,
          0.0,
          0.0,
          1.0
        ]
      ],
      "sharpness": 218.53965013789227
    },
    {
      "file_path": "color/000212.png",
      "transform_matrix": [
        [
          -0.08989054969122151,
          -0.22972965957261027,
          0.969094408501495,
          0.8538278210557835
        ],
        [
          0.9959318182997338,
          -0.02687451671127658,
          0.08600914863967268,
          -0.21314036807455036
        ],
        [
          0.006285091438956114,
          0.9728833660126931,
