{
  "0": {
    "cam_K": [
      1483.5806884765625,
      0.0,
      952.5692779530509,
      0.0,
      1466.7305908203125,
      534.3258637738545,
      0.0,
      0.0,
      1.0
    ],
    "cam_R_w2c": [
      -0.03399067744612693,
      0.2981605529785157,
      -0.9539103507995604,
      0.999273955821991,
      -0.0062985373660922085,
      -0.03757581487298012,
      -0.017211860045790676,
      -0.9544949531555177,
      -0.2977299988269806
    ],
    "cam_t_w2c": [
      510.2061500408087,
      285.3393528657385,
      125.19060269857577
    ]
  },
  "2": {
    "cam_K": [
      1483.5806884765625,
      0.0,
      952.5692779530509,
      0.0,
      1466.7305908203125,
      534.3258637738545,
      0.0,
      0.0,
      1.0
    ],
    "cam_R_w2c": [
      -0.03272761777043342,
      0.30191773176193226,
      -0.9527720808982849,
      0.9992984533309935,
      -0.007478424813598393,
      -0.036695584654808044,
      -0.01820428110659122,
      -0.9533046483993528,
      -0.3014611601829529
    ],
    "cam_t_w2c": [
      510.81725550248586,
      284.5837782063119,
      126.19610982530585
    ]
  },
  "4": {
    "cam_K": [
      1483.5806884765625,
      0.0,
      952.5692779530509,
      0.0,
      1466.7305908203125,
      534.3258637738545,
      0.0,
      0.0,
      1.0
    ],
    "cam_R_w2c": [
      -0.03055820614099503,
      0.30377480387687683,
      -0.9522536993026732,
      0.9993584156036378,
      -0.008518941700458527,
      -0.03478742018342018,
      -0.01867973804473877,
      -0.9527057409286498,
      -0.30331957340240484
    ],
    "cam_t_w2c": [
      511.08127239497514,
      283.80381068181833,
      126.92540362701322
    ]
  },
  "5": {
    "cam_K": [
      1483.5806884765625,
      0.0,
      952.5692779530509,
      0.0,
      1466.7305908203125,
      534.3258637738545,
      0.0,
      0.0,
      1.0
    ],
    "cam_R_w2c": [
      -0.03078425861895084,
      0.3038034439086914,
      -0.9522372484207151,
      0.9993593096733093,
      -0.00804754998534918,
      -0.03487514704465866,
      -0.018258368596434593,
      -0.9527007937431335,
      -0.3033610284328462
    ],
    "cam_t_w2c": [
      510.63646132610734,
      283.7974670265068,
      126.39774744056515
    ]
  },
  "6": {
    "cam_K": [
      1483.5806884765625,
      0.0,
      952.5692779530509,
      0.0,
      1466.7305908203125,
      534.3258637738545,
      0.0,
      0.0,
      1.0
    ],
    "cam_R_w2c": [
      -0.02896790206432343,
      0.3016501367092132,
      -0.9529785513877868,
      0.9994413256645203,
      -0.007159110624343156,
      -0.03264634311199188,
      -0.01667025499045849,
      -0.9533918499946595,
      -0.30127421021461487
    ],
    "cam_t_w2c": [
      509.9090555170522,
      282.71576051633224,
      125.42339219259695
    ]
  },
  "7": {
    "cam_K": [
      1483.5806884765625,
      0.0,
      952.5692779530509,
      0.0,
      1466.7305908203125,
      534.3258637738545,
      0.0,
      0.0,
      1.0
    ],
    "cam_R_w2c": [
      -0.029680557548999786,
      0.3026187121868133,
      -0.9526494145393372,
      0.999398410320282,
      -0.008117775432765484,
      -0.03371575102210045,
      -0.017936429008841515,
      -0.9530770778656005,
      -0.3021957576274872
    ],
    "cam_t_w2c": [
      509.9713592745762,
      282.9912186442942,
      126.33034610288016
    ]
  },
  "8": {
    "cam_K": [
      1483.5806884765625,
      0.0,
      952.5692779530509,
      0.0,
      1466.7305908203125,
      534.3258637738545,
      0.0,
      0.0,
      1.0
    ],
    "cam_R_w2c": [
      -0.029009858146309863,
      0.30242016911506653,
      -0.952733099460602,
      0.9994228482246399,
      -0.008076285012066364,
      -0.03299512714147567,
      -0.017672952264547345,
      -0.9531404972076416,
      -0.302011340856552
    ],
    "cam_t_w2c": [
      510.0777665404563,
      282.6079183760363,
      126.5609077655717
    ]
  },
  "9": {
    "cam_K": [
      1483.5806884765625,
      0.0,
      952.5692779530509,
      0.0,
      1466.7305908203125,
      534.3258637738545,
      0.0,
      0.0,
      1.0
    ],
    "cam_R_w2c": [
      -0.029418438673019406,
      0.30302706360816956,
      -0.9525277614593505,
      0.9994124174118042,
      -0.007850797846913341,
      -0.033363997936248786,
      -0.01758827827870846,
      -0.9529496431350708,
      -0.3026180565357208
    ],
    "cam_t_w2c": [
      510.07572750839194,
      282.4452111692662,
      126.80513849506555
    ]
  },
  "10": {
    "cam_K": [
      1483.5806884765625,
      0.0,
      952.5692779530509,
      0.0,
      1466.7305908203125,
      534.3258637738545,
      0.0,
      0.0,
      1.0
    ],
    "cam_R_w2c": [
      -0.028612473979592323,
      0.3002774119377136,
      -0.9534226655960082,
      0.9994675517082213,
      -0.006372224073857067,
      -0.03200118988752365,
      -0.015684641897678375,
      -0.9538306593894958,
      -0.29993519186973566
    ],
    "cam_t_w2c": [
      509.17772268328054,
      281.51333575597346,
      125.0908034069783
    ]
  },
  "11": {
    "cam_K": [
      1483.5806884765625,
      0.0,
      952.5692779530509,
      0.0,
      1466.7305908203125,
      534.3258637738545,
      0.0,
      0.0,
      1.0
    ],
    "cam_R_w2c": [
      -0.026310684159398082,
      0.3047102689743042,
      -0.9520816206932068,
      0.9995393753051759,
      -0.006394071038812398,
      -0.029668563976883895,
      -0.01512798853218556,
      -0.9524236321449281,
      -0.30440169572830206
    ],
    "cam_t_w2c": [
      509.761414491647,
      279.9817961164762,
      126.55524378761504
    ]
  },
  "12": {
    "cam_K": [
      1483.5806884765625,
      0.0,
      952.5692779530509,
      0.0,
      1466.7305908203125,
      534.3258637738545,
      0.0,
      0.0,
      1.0
    ],
    "cam_R_w2c": [
      -0.0274148341268301,
      0.3040178418159485,
      -0.952271819114685,
      0.999504566192627,
      -0.0063986117020249375,
      -0.03081740066409111,
      -0.01546225789934397,
      -0.9526448845863342,
      -0.30369186401367193
    ],
    "cam_t_w2c": [
      509.5786568029102,
      279.5613779126753,
      126.39563288879461
    ]
  },
  "34": {
    "cam_K": [
      1483.5806884765625,
      0.0,
      952.5692779530509,
      0.0,
      1466.7305908203125,
      534.3258637738545,
      0.0,
      0.0,
      1.0
    ],
    "cam_R_w2c": [
      -0.039412092417478554,
      0.29488664865493774,
      -0.954719066619873,
      0.9991353750228882,
      -0.001023936900310218,
      -0.04156191647052765,
      -0.013233618810772896,
      -0.9555316567420958,
      -0.29459133744239807
    ],
    "cam_t_w2c": [
      501.04228682507096,
      242.62823909043288,
      133.825639172421
    ]
  },
  "37": {
    "cam_K": [
      1483.5806884765625,
      0.0,
      952.5692779530509,
      0.0,
      1466.7305908203125,
      534.3258637738545,
      0.0,
      0.0,
      1.0
    ],
    "cam_R_w2c": [
      -0.040531449019908905,
      0.2986900210380554,
      -0.9534891247749328,
      0.9991165399551393,
      0.0015126435318961737,
      -0.041997157037258155,
      -0.011101846583187585,
      -0.954348921775818,
      -0.2984874546527863
    ],
    "cam_t_w2c": [
      499.77196984893766,
      238.62595898665484,
      133.3676121549875
    ]
  },
  "38": {
    "cam_K": [
      1483.5806884765625,
      0.0,
      952.5692779530509,
      0.0,
      1466.7305908203125,
      534.3258637738545,
      0.0,
      0.0,
      1.0
    ],
    "cam_R_w2c": [
      -0.04182232543826104,
      0.3000441789627075,
      -0.9530081152915956,
      0.9990655779838562,
      0.002156298141926526,
      -0.04316465184092522,
      -0.01089632883667946,
      -0.9539228677749635,
      -0.2998540103435517
    ],
    "cam_t_w2c": [
      499.82475812349423,
      237.57952017922415,
      133.67837574554622
    ]
  },
  "40": {
    "cam_K": [
      1483.5806884765625,
      0.0,
      952.5692779530509,
      0.0,
      1466.7305908203125,
      534.3258637738545,
      0.0,
      0.0,
      1.0
    ],
    "cam_R_w2c": [
      -0.04309748113155365,
      0.3015672266483307,
      -0.9524704217910767,
      0.9990396499633789,
      0.005476432852447031,
      -0.04347072914242744,
      -0.007893206551671026,
      -0.9534291625022887,
      -0.30151361227035517
    ],
    "cam_t_w2c": [
      498.82555689222266,
      234.44465941959132,
      132.82288851496313
    ]
  },
  "42": {
    "cam_K": [
      1483.5806884765625,
      0.0,
      952.5692779530509,
      0.0,
      1466.7305908203125,
      534.3258637738545,
      0.0,
      0.0,
      1.0
    ],
    "cam_R_w2c": [
      -0.04278465360403062,
      0.3004467785358429,
      -0.9528384804725647,
      0.9990757107734682,
      0.00891580618917942,
      -0.042049501091241843,
      -0.004138312302529813,
      -0.9537568688392638,
      -0.3005505204200744
    ],
    "cam_t_w2c": [
      498.782888258282,
      230.27393261138045,
      133.10336870337997
    ]
  },
  "52": {
    "cam_K": [
      1483.5806884765625,
      0.0,
      952.5692779530509,
      0.0,
      1466.7305908203125,
      534.3258637738545,
      0.0,
      0.0,
      1.0
    ],
    "cam_R_w2c": [
      -0.054504998028278365,
      0.2955178022384644,
      -0.9537811279296874,
      0.9985100030899049,
      0.013606345281004906,
      -0.0528453141450882,
      -0.002639251528307795,
      -0.9552403092384337,
      -0.29581910371780396
    ],
    "cam_t_w2c": [
      495.8219871416267,
      207.23422963814983,
      134.12397977132798
    ]
  },
  "81": {
    "cam_K": [
      1483.5806884765625,
      0.0,
      952.5692779530509,
      0.0,
      1466.7305908203125,
      534.3258637738545,
      0.0,
      0.0,
      1.0
    ],
    "cam_R_w2c": [
      -0.09024987369775771,
      0.29838454723358154,
      -0.9501692652702333,
      0.995903968811035,
      0.021761473268270486,
      -0.08776006102561949,
      -0.005509162321686743,
      -0.954197585582733,
      -0.29912626743316645
    ],
    "cam_t_w2c": [
      495.79653700067445,
      145.9829902579917,
      133.0582456789914
    ]
  },
  "114": {
    "cam_K": [
      1483.5806884765625,
      0.0,
      952.5692779530509,
      0.0,
      1466.7305908203125,
      534.3258637738545,
      0.0,
      0.0,
      1.0
    ],
    "cam_R_w2c": [
      -0.14516890048980716,
      0.2743899226188659,
      -0.9505977630615234,
      0.9894068837165833,
      0.040526676923036575,
      -0.1393975019454956,
      0.0002753050648607248,
      -0.9607641696929932,
      -0.2773664593696594
    ],
    "cam_t_w2c": [
      511.379424194617,
      81.2049050837428,
      139.16390063677733
    ]
  },
  "141": {
    "cam_K": [
      1483.5806884765625,
      0.0,
      952.5692779530509,
      0.0,
      1466.7305908203125,
      534.3258637738545,
      0.0,
      0.0,
      1.0
    ],
    "cam_R_w2c": [
      -0.1639815717935562,
      0.2692091166973114,
      -0.949018657207489,
      0.9864513874053956,
      0.049488801509141936,
      -0.15641105175018316,
      0.004858496598899362,
      -0.9618093371391296,
      -0.2736769914627075
    ],
    "cam_t_w2c": [
      516.4174193075609,
      13.61416397589242,
      135.02987640572593
    ]
  },
  "164": {
    "cam_K": [
      1483.5806884765625,
      0.0,
      952.5692779530509,
      0.0,
      1466.7305908203125,
      534.3258637738545,
      0.0,
      0.0,
      1.0
    ],
    "cam_R_w2c": [
      -0.16010530292987823,
      0.2463124841451645,
      -0.9558746814727783,
      0.9870989322662355,
      0.03857169300317765,
      -0.15539598464965826,
      -0.00140626879874617,
      -0.9684226512908934,
      -0.24931032955646512
    ],
    "cam_t_w2c": [
      520.6781656054308,
      -42.366498476492104,
      140.4851934145211
    ]
  },
  "166": {
    "cam_K": [
      1483.5806884765625,
      0.0,
      952.5692779530509,
      0.0,
      1466.7305908203125,
      534.3258637738545,
      0.0,
      0.0,
      1.0
    ],
    "cam_R_w2c": [
      -0.15688478946685788,
      0.2458975613117218,
      -0.9565153121948241,
      0.9876118302345275,
      0.03596503287553787,
      -0.15273937582969668,
      -0.003157122526317829,
      -0.9686284065246583,
      -0.2484937310218811
    ],
    "cam_t_w2c": [
      521.6822756175982,
      -45.866345975655975,
      140.91301254951878
    ]
  },
  "167": {
    "cam_K": [
      1483.5806884765625,
      0.0,
      952.5692779530509,
      0.0,
      1466.7305908203125,
      534.3258637738545,
      0.0,
      0.0,
      1.0
    ],
    "cam_R_w2c": [
      -0.1550951153039932,
      0.2449973523616791,
      -0.9570380449295044,
      0.9878920912742614,
      0.03470459580421448,
      -0.15121103823184964,
      -0.0038326894864440003,
      -0.9689023494720459,
      -0.2474134862422943
    ],
    "cam_t_w2c": [
      521.8719811192954,
      -47.69175167147447,
      140.61463419075878
    ]
  },
  "168": {
    "cam_K": [
      1483.5806884765625,
      0.0,
      952.5692779530509,
      0.0,
      1466.7305908203125,
      534.3258637738545,
      0.0,
      0.0,
      1.0
    ],
    "cam_R_w2c": [
      -0.15285661816596985,
      0.24481266736984258,
      -0.9574453830718994,
      0.9882399439811708,
      0.033846419304609306,
      -0.14911867678165436,
      -0.004100019577890629,
      -0.9689794182777405,
      -0.2471072971820831
    ],
    "cam_t_w2c": [
      522.3383908241049,
      -49.5943385069166,
      141.0437371607599
    ]
  },
  "169": {
    "cam_K": [
      1483.5806884765625,
      0.0,
      952.5692779530509,
      0.0,
      1466.7305908203125,
      534.3258637738545,
      0.0,
      0.0,
      1.0
    ],
    "cam_R_w2c": [
      -0.15162171423435214,
      0.2438819110393524,
      -0.95787912607193,
      0.9884299635887145,
      0.03336362540721893,
      -0.1479629874229431,
      -0.004127172753214835,
      -0.9692308902740476,
      -0.2461188286542892
    ],
    "cam_t_w2c": [
      522.41360845137,
      -50.74121852344645,
      140.7466048771503
    ]
  },
  "170": {
    "cam_K": [
      1483.5806884765625,
      0.0,
      952.5692779530509,
      0.0,
      1466.7305908203125,
      534.3258637738545,
      0.0,
      0.0,
      1.0
    ],
    "cam_R_w2c": [
      -0.14957651495933533,
      0.24399226903915402,
      -0.9581725597381592,
      0.9887399077415467,
      0.03250690549612045,
      -0.14607059955596927,
      -0.004492870997637507,
      -0.969232141971588,
      -0.2461071610450744
    ],
    "cam_t_w2c": [
      522.6820810065185,
      -52.275646791701675,
      141.12616691995666
    ]
  },
  "171": {
    "cam_K": [
      1483.5806884765625,
      0.0,
      952.5692779530509,
      0.0,
      1466.7305908203125,
      534.3258637738545,
      0.0,
      0.0,
      1.0
    ],
    "cam_R_w2c": [
      -0.1483200937509537,
      0.24429984390735623,
      -0.9582894444465637,
      0.988930881023407,
      0.03262309730052948,
      -0.14474594593048098,
      -0.004099038895219559,
      -0.9691508412361145,
      -0.24643434584140778
    ],
    "cam_t_w2c": [
      523.0775777073098,
      -53.63152759483457,
      141.50905182983098
    ]
  },
  "172": {
    "cam_K": [
      1483.5806884765625,
      0.0,
      952.5692779530509,
      0.0,
      1466.7305908203125,
      534.3258637738545,
      0.0,
      0.0,
      1.0
    ],
    "cam_R_w2c": [
      -0.1461414098739624,
      0.2430502623319626,
      -0.9589416980743409,
      0.9892563819885254,
      0.03216294199228287,
      -0.14260940253734586,
      -0.00381886260583997,
      -0.9694802761077882,
      -0.2451393604278565
    ],
    "cam_t_w2c": [
      522.9763057814436,
      -55.35366009257553,
      141.17963487186816
    ]
  },
  "173": {
    "cam_K": [
      1483.5806884765625,
      0.0,
      952.5692779530509,
      0.0,
      1466.7305908203125,
      534.3258637738545,
      0.0,
      0.0,
      1.0
    ],
    "cam_R_w2c": [
      -0.14409270882606504,
      0.24259851872920984,
      -0.9593660831451416,
      0.9895539283752441,
      0.030895480886101723,
      -0.14081411063671115,
      -0.004521226510405538,
      -0.9696346521377562,
      -0.24451610445976255
    ],
    "cam_t_w2c": [
      522.9348454628004,
      -56.783361408411,
      141.36722582179473
    ]
  },
  "174": {
    "cam_K": [
      1483.5806884765625,
      0.0,
      952.5692779530509,
      0.0,
      1466.7305908203125,
      534.3258637738545,
      0.0,
      0.0,
      1.0
    ],
    "cam_R_w2c": [
      -0.14127832651138306,
      0.2427248060703278,
      -0.9597526788711549,
      0.9899561405181885,
      0.029522897675633427,
      -0.1382579207420349,
      -0.005223964806646108,
      -0.9696458578109741,
      -0.24445787072181702
    ],
    "cam_t_w2c": [
      522.9397542436965,
      -58.142319639567006,
      141.52321177472282
    ]
  },
  "175": {
    "cam_K": [
      1483.5806884765625,
      0.0,
      952.5692779530509,
      0.0,
      1466.7305908203125,
      534.3258637738545,
      0.0,
      0.0,
      1.0
    ],
    "cam_R_w2c": [
      -0.1371328085660934,
      0.2429163753986359,
      -0.9603052735328673,
      0.9905376434326171,
      0.028276858851313588,
      -0.13429719209671018,
      -0.005468568764626982,
      -0.9696350097656249,
      -0.24449549615383148
    ],
    "cam_t_w2c": [
      522.9140020239198,
      -60.2077836011179,
      142.06181831855395
    ]
  },
  "176": {
    "cam_K": [
      1483.5806884765625,
      0.0,
      952.5692779530509,
      0.0,
      1466.7305908203125,
      534.3258637738545,
      0.0,
      0.0,
      1.0
    ],
    "cam_R_w2c": [
      -0.13472108542919156,
      0.24243979156017303,
      -0.9607669711112976,
      0.9908670186996459,
      0.027356211096048334,
      -0.1320387423038482,
      -0.005728493444621557,
      -0.9697806835174559,
      -0.24391105771064753
    ],
    "cam_t_w2c": [
      522.7800300653169,
      -61.62519408478727,
      142.31881187837686
    ]
  },
  "177": {
    "cam_K": [
      1483.5806884765625,
      0.0,
      952.5692779530509,
      0.0,
      1466.7305908203125,
      534.3258637738545,
      0.0,
      0.0,
      1.0
    ],
    "cam_R_w2c": [
      -0.1318836510181427,
      0.24196775257587433,
      -0.9612794518470764,
      0.9912515282630923,
      0.02710657007992267,
      -0.1291725784540176,
      -0.005198586732149125,
      -0.9699054956436156,
      -0.24342583119869232
    ],
    "cam_t_w2c": [
      522.7218043719217,
      -63.40921498166868,
      142.88381255948633
    ]
  },
  "178": {
    "cam_K": [
      1483.5806884765625,
      0.0,
      952.5692779530509,
      0.0,
      1466.7305908203125,
      534.3258637738545,
      0.0,
      0.0,
      1.0
    ],
    "cam_R_w2c": [
      -0.1296005547046661,
      0.24235865473747248,
      -0.9614915251731871,
      0.9915571808815001,
      0.027540320530533777,
      -0.12671120464801783,
      -0.004229787737131115,
      -0.9697957634925841,
      -0.24388173222541806
    ],
    "cam_t_w2c": [
      523.3230167521011,
      -64.929842023636,
      144.20219782854568
    ]
  },
  "179": {
    "cam_K": [
      1483.5806884765625,
      0.0,
      952.5692779530509,
      0.0,
      1466.7305908203125,
      534.3258637738545,
      0.0,
      0.0,
      1.0
    ],
    "cam_R_w2c": [
      -0.12842367589473722,
      0.24206690490245825,
      -0.9617229700088501,
      0.9917120337486266,
      0.02761428989470006,
      -0.12547770142555237,
      -0.0038167100865393873,
      -0.9698665142059327,
      -0.24360698461532596
    ],
    "cam_t_w2c": [
      523.6127858643669,
      -66.18346914472355,
      145.07856625786258
    ]
  },
  "180": {
    "cam_K": [
      1483.5806884765625,
      0.0,
      952.5692779530509,
      0.0,
      1466.7305908203125,
      534.3258637738545,
      0.0,
      0.0,
      1.0
    ],
    "cam_R_w2c": [
      -0.12655244767665863,
      0.2415821850299835,
      -0.9620926976203916,
      0.9919518232345582,
      0.026908077299594893,
      -0.12372343242168428,
      -0.004001306369900711,
      -0.9700072407722473,
      -0.24304318428039554
    ],
    "cam_t_w2c": [
      523.7842155971904,
      -67.79945869555553,
      145.67169802949036
    ]
  },
  "181": {
    "cam_K": [
      1483.5806884765625,
      0.0,
      952.5692779530509,
      0.0,
      1466.7305908203125,
      534.3258637738545,
      0.0,
      0.0,
      1.0
    ],
    "cam_R_w2c": [
      -0.12460044026374818,
      0.24003091454505923,
      -0.9627355933189393,
      0.992196261882782,
      0.025637404993176457,
      -0.12202136218547821,
      -0.0046068513765931155,
      -0.970426619052887,
      -0.24135220050811768
    ],
    "cam_t_w2c": [
      523.8542223647355,
      -69.3200668575964,
      145.7442347071894
    ]
  },
  "182": {
    "cam_K": [
      1483.5806884765625,
      0.0,
      952.5692779530509,
      0.0,
      1466.7305908203125,
      534.3258637738545,
      0.0,
      0.0,
      1.0
    ],
    "cam_R_w2c": [
      -0.1214522495865822,
      0.2391648143529892,
      -0.9633532762527465,
      0.9925867915153505,
      0.02480296790599823,
      -0.11898013949394226,
      -0.004561844281852249,
      -0.9706621170043944,
      -0.24040423333644864
    ],
    "cam_t_w2c": [
      524.2714687408804,
      -71.45302655646485,
      146.05771700716738
    ]
  },
  "183": {
    "cam_K": [
      1483.5806884765625,
      0.0,
      952.5692779530509,
      0.0,
      1466.7305908203125,
      534.3258637738545,
      0.0,
      0.0,
      1.0
    ],
    "cam_R_w2c": [
      -0.11895453929901123,
      0.23708480596542356,
      -0.9641788005828857,
      0.9928900599479676,
      0.02412123791873455,
      -0.11656552553176881,
      -0.004378722980618477,
      -0.9711894989013672,
      -0.23826846480369568
    ],
    "cam_t_w2c": [
      524.592200932643,
      -73.49041606727688,
      145.693296665432
    ]
  },
  "184": {
    "cam_K": [
      1483.5806884765625,
      0.0,
      952.5692779530509,
      0.0,
      1466.7305908203125,
      534.3258637738545,
      0.0,
      0.0,
      1.0
    ],
    "cam_R_w2c": [
      -0.11618382483720781,
      0.2360684722661972,
      -0.9647657871246338,
      0.9932205677032471,
      0.02393601275980473,
      -0.11375365406274797,
      -0.0037609960418194584,
      -0.9714415669441224,
      -0.23724906146526342
    ],
    "cam_t_w2c": [
      525.3697518265417,
      -75.86930568902613,
      145.7916988424668
    ]
  },
  "185": {
    "cam_K": [
      1483.5806884765625,
      0.0,
      952.5692779530509,
      0.0,
      1466.7305908203125,
      534.3258637738545,
      0.0,
      0.0,
      1.0
    ],
    "cam_R_w2c": [
      -0.11347735673189166,
      0.23460823297500613,
      -0.9654438495635986,
      0.9935365915298463,
      0.02404193580150604,
      -0.11093704402446745,
      -0.0028155879117548453,
      -0.9717926979064943,
      -0.23582008481025696
    ],
    "cam_t_w2c": [
      526.1516073436875,
      -78.40650349466577,
      145.63046426996542
    ]
  },
  "186": {
    "cam_K": [
      1483.5806884765625,
      0.0,
      952.5692779530509,
      0.0,
      1466.7305908203125,
      534.3258637738545,
      0.0,
      0.0,
      1.0
    ],
    "cam_R_w2c": [
      -0.11207962781190871,
      0.23326227068901065,
      -0.9659331440925597,
      0.9936981201171873,
      0.024845704436302185,
      -0.10930131375789642,
      -0.0014965807786211408,
      -0.9720964431762695,
      -0.2345769852399826
    ],
    "cam_t_w2c": [
      526.9756783765372,
      -80.8185840272414,
      145.3792102078053
    ]
  },
  "187": {
    "cam_K": [
      1483.5806884765625,
      0.0,
      952.5692779530509,
      0.0,
      1466.7305908203125,
      534.3258637738545,
      0.0,
      0.0,
      1.0
    ],
    "cam_R_w2c": [
      -0.11175037175416944,
      0.2321895360946655,
      -0.9662297368049622,
      0.9937363266944884,
      0.026365261524915685,
      -0.10859596729278564,
      0.00026005430845543634,
      -0.9723131656646727,
      -0.2336814850568771
    ],
    "cam_t_w2c": [
      527.5635992884448,
      -82.9265467033942,
      145.21295357484905
    ]
  },
  "188": {
    "cam_K": [
      1483.5806884765625,
      0.0,
      952.5692779530509,
      0.0,
      1466.7305908203125,
      534.3258637738545,
      0.0,
      0.0,
      1.0
    ],
    "cam_R_w2c": [
      -0.11023367941379549,
      0.23132154345512382,
      -0.9666121006011962,
      0.993902623653412,
      0.028076680377125733,
      -0.10662685334682466,
      0.002474147826433182,
      -0.9724721908569334,
      -0.23300607502460477
    ],
    "cam_t_w2c": [
      528.6551611202642,
      -85.7645394983887,
      145.54233277295882
    ]
  },
  "189": {
    "cam_K": [
      1483.5806884765625,
      0.0,
      952.5692779530509,
      0.0,
      1466.7305908203125,
      534.3258637738545,
      0.0,
      0.0,
      1.0
    ],
    "cam_R_w2c": [
      -0.10878545045852658,
      0.23033709824085233,
      -0.9670111536979676,
      0.9940557479858396,
      0.029458805918693542,
      -0.10481095314025878,
      0.004345119930803774,
      -0.9726649522781373,
      -0.23217259347438812
    ],
    "cam_t_w2c": [
      529.2424023548168,
      -88.6045146856681,
      145.48954449840224
    ]
  },
  "190": {
    "cam_K": [
      1483.5806884765625,
      0.0,
      952.5692779530509,
      0.0,
      1466.7305908203125,
      534.3258637738545,
      0.0,
      0.0,
      1.0
    ],
    "cam_R_w2c": [
      -0.10727721452713013,
      0.22979474067687986,
      -0.9673087000846865,
      0.9942116737365723,
      0.03056961670517921,
      -0.10299868881702422,
      0.005901692435145381,
      -0.9727588891983032,
      -0.23174400627613065
    ],
    "cam_t_w2c": [
      530.1217538125244,
      -91.35131743555945,
      145.60357925459752
    ]
  },
  "191": {
    "cam_K": [
      1483.5806884765625,
      0.0,
      952.5692779530509,
      0.0,
      1466.7305908203125,
      534.3258637738545,
      0.0,
      0.0,
      1.0
    ],
    "cam_R_w2c": [
      -0.10599786043167113,
      0.2293354719877243,
      -0.9675586223602295,
      0.9943317174911498,
      0.032571543008089066,
      -0.10121063143014908,
      0.00830368511378765,
      -0.9728023409843445,
      -0.23148804903030396
    ],
    "cam_t_w2c": [
      530.9300412268014,
      -94.25763668463851,
      145.58885291191
    ]
  },
  "193": {
    "cam_K": [
      1483.5806884765625,
      0.0,
      952.5692779530509,
      0.0,
      1466.7305908203125,
      534.3258637738545,
      0.0,
      0.0,
      1.0
    ],
    "cam_R_w2c": [
      -0.10355344414710999,
      0.2293538749217987,
      -0.9678189158439636,
      0.9945513010025024,
      0.035635806620121,
      -0.09796874225139618,
      0.01201949827373028,
      -0.9726905226707458,
      -0.23179440200328827
    ],
    "cam_t_w2c": [
      533.0380983025871,
      -98.9620234959317,
      144.78898594486196
    ]
  },
  "198": {
    "cam_K": [
      1483.5806884765625,
      0.0,
      952.5692779530509,
      0.0,
      1466.7305908203125,
      534.3258637738545,
      0.0,
      0.0,
      1.0
    ],
    "cam_R_w2c": [
      -0.09571431577205658,
      0.24188341200351718,
      -0.9655729532241824,
      0.9954085350036621,
      0.024006484076380737,
      -0.09265802800655365,
      0.0007675730739720188,
      -0.9700083136558534,
      -0.2430705726146698
    ],
    "cam_t_w2c": [
      537.3048106572377,
      -110.22348430816145,
      146.0894730435781
    ]
  },
  "199": {
    "cam_K": [
      1483.5806884765625,
      0.0,
      952.5692779530509,
      0.0,
      1466.7305908203125,
      534.3258637738545,
      0.0,
      0.0,
      1.0
    ],
    "cam_R_w2c": [
      -0.09397622942924498,
      0.24389338493347162,
      -0.9652380347251893,
      0.9955743551254271,
      0.022670524194836613,
      -0.09120146930217743,
      -0.0003609918931033422,
      -0.9695369601249694,
      -0.24494451284408564
    ],
    "cam_t_w2c": [
      538.1624124395914,
      -112.70202218209594,
      147.29299283967512
    ]
  },
  "200": {
    "cam_K": [
      1483.5806884765625,
      0.0,
      952.5692779530509,
      0.0,
      1466.7305908203125,
      534.3258637738545,
      0.0,
      0.0,
      1.0
    ],
    "cam_R_w2c": [
      -0.09339919686317442,
      0.2440558522939682,
      -0.9652529954910278,
      0.99562668800354,
      0.020921509712934497,
      -0.09104833751916884,
      -0.0020263209007680394,
      -0.9695354700088501,
      -0.2449425905942917
    ],
    "cam_t_w2c": [
      538.5740703574859,
      -114.79112381165287,
      147.91467106020482
    ]
  },
  "201": {
    "cam_K": [
      1483.5806884765625,
      0.0,
      952.5692779530509,
      0.0,
      1466.7305908203125,
      534.3258637738545,
      0.0,
      0.0,
      1.0
    ],
    "cam_R_w2c": [
      -0.09312160313129426,
      0.24355144798755646,
      -0.9654071927070617,
      0.9956491589546204,
      0.019539436325430874,
      -0.09110932052135468,
      -0.003326290752738712,
      -0.9696911573410035,
      -0.24431133270263672
    ],
    "cam_t_w2c": [
      539.0780133562218,
      -116.65242024779045,
      148.47578247645066
    ]
  },
  "202": {
    "cam_K": [
      1483.5806884765625,
      0.0,
      952.5692779530509,
      0.0,
      1466.7305908203125,
      534.3258637738545,
      0.0,
      0.0,
      1.0
    ],
    "cam_R_w2c": [
      -0.09242256730794904,
      0.2435248345136642,
      -0.9654810428619384,
      0.9957137703895568,
      0.019201457500457764,
      -0.09047343581914903,
      -0.0034938866738229986,
      -0.9697045683860778,
      -0.24425569176673886
    ],
    "cam_t_w2c": [
      539.7807242213856,
      -118.7027425082703,
      149.4789862521451
    ]
  },
  "203": {
    "cam_K": [
      1483.5806884765625,
      0.0,
      952.5692779530509,
      0.0,
      1466.7305908203125,
      534.3258637738545,
      0.0,
      0.0,
      1.0
    ],
    "cam_R_w2c": [
      -0.09237749874591827,
      0.24188584089279166,
      -0.9658973217010498,
      0.9957172870635985,
      0.018871387466788295,
      -0.09050357341766357,
      -0.0036637133453041315,
      -0.970121145248413,
      -0.2425932139158249
    ],
    "cam_t_w2c": [
      539.9068421305552,
      -120.36440260135998,
      149.6934999772926
    ]
  },
  "204": {
    "cam_K": [
      1483.5806884765625,
      0.0,
      952.5692779530509,
      0.0,
      1466.7305908203125,
      534.3258637738545,
      0.0,
      0.0,
      1.0
    ],
    "cam_R_w2c": [
      -0.09240236878395079,
      0.24184854328632355,
      -0.9659042954444885,
      0.995715856552124,
      0.019131992012262344,
      -0.09046392142772676,
      -0.0033988959621638016,
      -0.9701253175735471,
      -0.24258027970790857
    ],
    "cam_t_w2c": [
      540.8410964145899,
      -122.04730261178742,
      151.01203628576408
    ]
  },
  "205": {
    "cam_K": [
      1483.5806884765625,
      0.0,
      952.5692779530509,
      0.0,
      1466.7305908203125,
      534.3258637738545,
      0.0,
      0.0,
      1.0
    ],
    "cam_R_w2c": [
      -0.09187937527894974,
      0.24058945477008822,
      -0.9662685394287109,
      0.9957668185234071,
      0.019693365320563316,
      -0.08978086709976196,
      -0.0025712589267641293,
      -0.9704272150993346,
      -0.24138042330741877
    ],
    "cam_t_w2c": [
      541.3024462990912,
      -123.8560562124132,
      151.71769241946544
    ]
  },
  "206": {
    "cam_K": [
      1483.5806884765625,
      0.0,
      952.5692779530509,
      0.0,
      1466.7305908203125,
      534.3258637738545,
      0.0,
      0.0,
      1.0
    ],
    "cam_R_w2c": [
      -0.09150394052267073,
      0.23927257955074308,
      -0.966631054878235,
      0.9958034753799437,
      0.020448794588446614,
      -0.08920373767614366,
      -0.001577570918016135,
      -0.9707370400428771,
      -0.24013960361480713
    ],
    "cam_t_w2c": [
      541.9802356612455,
      -125.54080645563974,
      152.50978085678636
    ]
  },
  "208": {
    "cam_K": [
      1483.5806884765625,
      0.0,
      952.5692779530509,
      0.0,
      1466.7305908203125,
      534.3258637738545,
      0.0,
      0.0,
      1.0
    ],
    "cam_R_w2c": [
      -0.09041996300220494,
      0.23628313839435575,
      -0.9674680829048158,
      0.995903730392456,
      0.02127923630177974,
      -0.08788055181503295,
      -0.00017770756676327426,
      -0.9714512228965758,
      -0.23723931610584256
    ],
    "cam_t_w2c": [
      543.214454217868,
      -128.9606974659813,
      153.91312579519652
    ]
  },
  "209": {
    "cam_K": [
      1483.5806884765625,
      0.0,
      952.5692779530509,
      0.0,
      1466.7305908203125,
      534.3258637738545,
      0.0,
      0.0,
      1.0
    ],
    "cam_R_w2c": [
      -0.08989764750003815,
      0.23501317203044894,
      -0.9678260684013368,
      0.9959495663642883,
      0.022832684218883507,
      -0.08696558326482771,
      0.0016600118251517417,
      -0.971723973751068,
      -0.2361138761043548
    ],
    "cam_t_w2c": [
      543.7636335205516,
      -130.77813583280732,
      154.5197755942144
    ]
  },
  "210": {
    "cam_K": [
      1483.5806884765625,
      0.0,
      952.5692779530509,
      0.0,
      1466.7305908203125,
      534.3258637738545,
      0.0,
      0.0,
      1.0
    ],
    "cam_R_w2c": [
      -0.09002302587032317,
      0.23318721354007724,
      -0.9682559967041016,
      0.9959325790405272,
      0.02472650073468685,
      -0.0866413190960884,
      0.003737948136404159,
      -0.9721174240112305,
      -0.23446473479270935
    ],
    "cam_t_w2c": [
      544.2287593903575,
      -132.40666165485024,
      154.94177971184314
    ]
  },
  "211": {
    "cam_K": [
      1483.5806884765625,
      0.0,
      952.5692779530509,
      0.0,
      1466.7305908203125,
      534.3258637738545,
      0.0,
      0.0,
      1.0
    ],
    "cam_R_w2c": [
      -0.09057810902595521,
      0.23130941390991208,
      -0.9686545729637147,
      0.9958757162094117,
      0.026127357035875324,
      -0.08688447624444963,
      0.005211186129599811,
      -0.9725293517112732,
      -0.23272198438644406
    ],
    "cam_t_w2c": [
      544.6595993135988,
      -133.82818796250146,
      155.14145381474407
    ]
  },
  "212": {
    "cam_K": [
      1483.5806884765625,
      0.0,
      952.5692779530509,
      0.0,
      1466.7305908203125,
      534.3258637738545,
      0.0,
      0.0,
      1.0
    ],
    "cam_R_w2c": [
      -0.08989054709672926,
      0.22972965240478513,
      -0.9690943956375122,
      0.9959318041801453,
      0.02687451615929603,
      -0.0860091522336006,
      0.006285091396421197,
      -0.9728833436965942,
      -0.23121084272861478
    ],
    "cam_t_w2c": [
      545.2023594412649,
      -135.59988026736374,
      155.42068792801035
    ]
  },
  "213": {
    "cam_K": [
      1483.5806884765625,
      0.0,
      952.5692779530509,
      0.0,
      1466.7305908203125,
      534.3258637738545,
      0.0,
      0.0,
      1.0
    ],
    "cam_R_w2c": [
      -0.09149447083473204,
      0.22708587348461154,
      -0.9695673584938049,
      0.9957833290100098,
      0.02736535109579563,
      -0.0875590294599533,
      0.00664912210777402,
      -0.9734901785850525,
      -0.22863210737705233
    ],
    "cam_t_w2c": [
      545.3387480304627,
      -136.47303910917185,
      154.89318278097448
    ]
  },
  "214": {
    "cam_K": [
      1483.5806884765625,
      0.0,
      952.5692779530509,
      0.0,
      1466.7305908203125,
      534.3258637738545,
      0.0,
      0.0,
      1.0
    ],
    "cam_R_w2c": [
      -0.09052697569131853,
      0.22581723332405088,
      -0.9699543118476868,
      0.995867192745209,
      0.027673751115798954,
      -0.08650265634059907,
      0.007308510597795247,
      -0.9737765192985534,
      -0.22738920152187345
    ],
    "cam_t_w2c": [
      545.9330125976819,
      -138.3062799744972,
      154.89567493127538
    ]
  },
  "215": {
    "cam_K": [
      1483.5806884765625,
      0.0,
      952.5692779530509,
      0.0,
      1466.7305908203125,
      534.3258637738545,
      0.0,
      0.0,
      1.0
    ],
    "cam_R_w2c": [
      -0.0909499749541283,
      0.22378922998905182,
      -0.9703847169876098,
      0.9958243370056153,
      0.028149750083684928,
      -0.08684244006872177,
      0.007881682366132738,
      -0.9742309451103212,
      -0.22541494667530063
    ],
    "cam_t_w2c": [
      546.3138584754917,
      -139.75410601979414,
      154.28302131562347
    ]
  },
  "216": {
    "cam_K": [
      1483.5806884765625,
      0.0,
      952.5692779530509,
      0.0,
      1466.7305908203125,
      534.3258637738545,
      0.0,
      0.0,
      1.0
    ],
    "cam_R_w2c": [
      -0.09103761613368992,
      0.2225553095340729,
      -0.9706602096557618,
      0.9958077669143679,
      0.02904308401048184,
      -0.08673713356256485,
      0.008887159638106823,
      -0.9744874238967896,
      -0.22426632046699524
    ],
    "cam_t_w2c": [
      547.15862190781,
      -141.58073891083657,
      154.01432220135663
    ]
  },
  "217": {
    "cam_K": [
      1483.5806884765625,
      0.0,
      952.5692779530509,
      0.0,
      1466.7305908203125,
      534.3258637738545,
      0.0,
      0.0,
      1.0
    ],
    "cam_R_w2c": [
      -0.09198173880577087,
      0.22195142507553098,
      -0.970709502696991,
      0.9957210421562196,
      0.029198827221989635,
      -0.08767548948526384,
      0.008883879519999024,
      -0.9746205210685729,
      -0.223687469959259
    ],
    "cam_t_w2c": [
      547.8759835959554,
      -143.0503335114139,
      154.01598363489063
    ]
  },
  "218": {
    "cam_K": [
      1483.5806884765625,
      0.0,
      952.5692779530509,
      0.0,
      1466.7305908203125,
      534.3258637738545,
      0.0,
      0.0,
      1.0
    ],
    "cam_R_w2c": [
      -0.09192974865436553,
      0.22135411202907565,
      -0.9708508253097534,
      0.9957293272018433,
      0.028740499168634408,
      -0.0877326652407646,
      0.008482743985950945,
      -0.9747698903083801,
      -0.22305090725421906
    ],
    "cam_t_w2c": [
      548.6977135179164,
      -144.9393456796864,
      154.08414016963647
    ]
  },
  "219": {
    "cam_K": [
      1483.5806884765625,
      0.0,
      952.5692779530509,
      0.0,
      1466.7305908203125,
      534.3258637738545,
      0.0,
      0.0,
      1.0
    ],
    "cam_R_w2c": [
      -0.09330529719591142,
      0.22077302634716034,
      -0.9708518981933594,
      0.9956082701683046,
      0.028164455667138107,
      -0.08927991241216661,
      0.007632916793227196,
      -0.9749184846878053,
      -0.22243136167526248
    ],
    "cam_t_w2c": [
      549.5036598213046,
      -146.26190341250722,
      154.13307693918253
    ]
  },
  "220": {
    "cam_K": [
      1483.5806884765625,
      0.0,
      952.5692779530509,
      0.0,
      1466.7305908203125,
      534.3258637738545,
      0.0,
      0.0,
      1.0
    ],
    "cam_R_w2c": [
      -0.09328867495059966,
      0.22046802937984464,
      -0.9709227681159972,
      0.9956011772155762,
      0.029168842360377308,
      -0.08903645724058151,
      0.008690998889505863,
      -0.9749580025672911,
      -0.22221937775611877
    ],
    "cam_t_w2c": [
      550.3247855856171,
      -148.41328991966145,
      154.0080163058981
    ]
  },
  "221": {
    "cam_K": [
      1483.5806884765625,
      0.0,
      952.5692779530509,
      0.0,
      1466.7305908203125,
      534.3258637738545,
      0.0,
      0.0,
      1.0
    ],
    "cam_R_w2c": [
      -0.09298688918352128,
      0.22101484239101413,
      -0.9708274006843567,
      0.9956167936325074,
      0.030462075024843216,
      -0.08842635899782181,
      0.010029880329966547,
