{
  "camera_model": "OPENCV",
  "camera_angle_x": 0.9541974293750203,
  "camera_angle_y": 0.8153892871575948,
  "fl_x": 2272.0732421875,
  "fl_y": 2266.7646484375,
  "k1": 0,
  "k2": 0,
  "p1": 0,
  "p2": 0,
  "k3": 0,
  "is_fisheye": false,
  "cx": 1230.7086869042832,
  "cy": 983.870198581717,
  "w": 2349,
  "h": 1958,
  "aabb_scale": 1,
  "frames": [
    {
      "file_path": "images/img_0001.png",
      "sharpness": 25.64629375012438,
      "transform_matrix": [
        [
          -0.7662769820690898,
          -0.0002759720787427593,
          -0.6425103194428082,
          0.30708477284898594
        ],
        [
          0.6425099144806642,
          0.0008729701402923711,
          -0.7662768740587071,
          -0.2299037152651711
        ],
        [
          0.0007723633455296765,
          -0.999999580881185,
          -0.0004916221278276,
          0.5699692701333557
        ],
        [
          0.0,
          0.0,
          0.0,
          1.0
        ]
      ]
    },
    {
      "file_path": "images/img_0002.png",
      "sharpness": 25.57937699649064,
      "transform_matrix": [
        [
          -0.866229834082412,
          0.0014017794085241855,
          -0.4996437826692594,
          0.3499976276134997
        ],
        [
          0.4996445146256435,
          0.00020736997555716844,
          -0.8662305212829885,
          -0.25984661576032436
        ],
        [
          -0.001110652988770214,
          -0.9999989960055874,
          -0.0008800214517050609,
          0.5699941968233463
        ],
        [
          0.0,
          0.0,
          0.0,
          1.0
        ]
      ]
    },
    {
      "file_path": "images/img_0003.png",
      "sharpness": 24.84336063157971,
      "transform_matrix": [
        [
          -0.9398657711169346,
          0.0007961761946851167,
          -0.3415431135101924,
          0.39738854061935797
        ],
        [
          0.34154304332179436,
          -0.00022672913788357278,
          -0.9398661065026147,
          -0.28186046817105526
        ],
        [
          -0.0008257367958649152,
          -0.9999996573486236,
          -5.88334845420543e-05,
          0.5699577025627248
        ],
        [
          0.0,
          0.0,
          0.0,
          1.0
        ]
      ]
    },
    {
      "file_path": "images/img_0004.png",
      "sharpness": 24.948861799658026,
      "transform_matrix": [
        [
          -0.98465750673075,
          0.0008275665148106098,
          -0.17449615919109926,
          0.447857942544543
        ],
        [
          0.17449619238835007,
          -3.247637784981915e-05,
          -0.9846578480808715,
          -0.29545995082249654
        ],
        [
          -0.0008205368668164136,
          -0.9999996570394151,
          -0.00011242909654158694,
          0.5699694136898154
        ],
        [
          0.0,
          0.0,
          0.0,
          1.0
        ]
      ]
    },
    {
      "file_path": "images/img_0005.png",
      "sharpness": 25.452113311562297,
      "transform_matrix": [
        [
          -0.0006268956537487362,
          0.9999994645090099,
          0.0008233975545892152,
          0.49994027827189763
        ],
        [
          0.00042172747112132825,
          0.0008236620222447606,
          -0.9999995718633148,
          -0.2999706236325626
        ],
        [
          -0.9999997145738491,
          -0.0006265481359832866,
          -0.00042224359543193357,
          0.5699557214101236
        ],
        [
          0.0,
          0.0,
          0.0,
          1.0
        ]
      ]
    },
    {
      "file_path": "images/img_0006.png",
      "sharpness": 25.432836256035767,
      "transform_matrix": [
        [
          0.0005235257908769006,
          0.9849296957846665,
          0.1729543878664838,
          0.5521574617384128
        ],
        [
          -0.0003594308126494445,
          0.17295458573160813,
          -0.9849297345922186,
          -0.2954825905327391
        ],
        [
          -0.9999997983650979,
          0.0004534709820782571,
          0.0004445602672390083,
          0.5699963470370717
        ],
        [
          0.0,
          0.0,
          0.0,
          1.0
        ]
      ]
    },
    {
      "file_path": "images/img_0007.png",
      "sharpness": 24.90704667200602,
      "transform_matrix": [
        [
          -0.0007845375412262697,
          0.9397140072946315,
          0.3419604787034776,
          0.6026581740410344
        ],
        [
          0.00022904502612702008,
          0.34196074383327835,
          -0.9397142103934403,
          -0.28183764620731044
        ],
        [
          -0.9999996660195555,
          -0.0006589167292986388,
          -0.0004835178605157435,
          0.5700218866116735
        ],
        [
          0.0,
          0.0,
          0.0,
          1.0
        ]
      ]
    },
    {
      "file_path": "images/img_0008.png",
      "sharpness": 24.042993714101993,
      "transform_matrix": [
        [
          5.464529255830689e-06,
          0.8665004059155146,
          0.49917636814896127,
          0.650039990296462
        ],
        [
          -0.0009339649116246494,
          0.49917615486531547,
          -0.8665000254607164,
          -0.2597931701503915
        ],
        [
          -0.9999995638397462,
          -0.00046147819782398574,
          0.0008120087377358744,
          0.5700120321442316
        ],
        [
          0.0,
          0.0,
          0.0,
          1.0
        ]
      ]
    },
    {
      "file_path": "images/img_0009.png",
      "sharpness": 22.900428315081054,
      "transform_matrix": [
        [
          -0.00040848528176886767,
          0.7659154011178088,
          0.6429412348499047,
          0.6929253055655307
        ],
        [
          7.321951919268645e-05,
          0.642941309674976,
          -0.7659154437353568,
          -0.2298748957649162
        ],
        [
          -0.9999999138893344,
          -0.00026578933776065815,
          -0.00031871201945584315,
          0.5700295154060064
        ],
        [
          0.0,
          0.0,
          0.0,
          1.0
        ]
      ]
    },
    {
      "file_path": "images/img_0010.png",
      "sharpness": 21.390639338384208,
      "transform_matrix": [
        [
          -0.0012229373016571553,
          0.6423139668108887,
          0.7664406516254321,
          0.7298375068208409
        ],
        [
          -0.0002881235777994283,
          0.7664409666236713,
          -0.6423146905262062,
          -0.19277653778718806
        ],
        [
          -0.9999992107042684,
          -0.0010063402171641375,
          -0.0007522434494142413,
          0.5700649946746938
        ],
        [
          0.0,
          0.0,
          0.0,
          1.0
        ]
      ]
    },
    {
      "file_path": "images/img_0011.png",
      "sharpness": 19.85319312749845,
      "transform_matrix": [
        [
          -0.0008465436086142735,
          0.5004351697558701,
          0.8657735987169695,
          0.759852158239163
        ],
        [
          0.000392561522574243,
          0.8657740085344949,
          -0.5004350227967287,
          -0.15002491115031213
        ],
        [
          -0.9999995646295897,
          -8.377066795852725e-05,
          -0.000929367045618706,
          0.5699829536606261
        ],
        [
          0.0,
          0.0,
          0.0,
          1.0
        ]
      ]
    },
    {
      "file_path": "images/img_0012.png",
      "sharpness": 17.392996647145452,
      "transform_matrix": [
        [
          0.0005496249341525615,
          0.34285853786057885,
          0.9393868856485794,
          0.7819377566827116
        ],
        [
          0.0002732699835054256,
          0.9393869409660945,
          -0.34285871793769274,
          -0.10260998741996659
        ],
        [
          -0.9999998116179558,
          0.00044514993901647367,
          0.0004226175385857226,
          0.5699058109380978
        ],
        [
          0.0,
          0.0,
          0.0,
          1.0
        ]
      ]
    },
    {
      "file_path": "images/img_0013.png",
      "sharpness": 17.15562616494951,
      "transform_matrix": [
        [
          -0.0006998059952890301,
          0.3423964253467334,
          0.939555319383243,
          0.7818469437073602
        ],
        [
          -0.0007201055276945257,
          -0.9395554783878033,
          0.34239594693789116,
          0.10260395442396138
        ],
        [
          0.9999994958596717,
          -0.0004369682426328657,
          0.0009040681152373908,
          0.56997263214661
        ],
        [
          0.0,
          0.0,
          0.0,
          1.0
        ]
      ]
    },
    {
      "file_path": "images/img_0014.png",
      "sharpness": 17.249936350730827,
      "transform_matrix": [
        [
          0.00027333801935768584,
          0.5002677261673733,
          0.8658707336789091,
          0.759835391063504
        ],
        [
          0.0013086760948984866,
          -0.8658702035165013,
          0.5002670067365738,
          0.1498792171234779
        ],
        [
          0.9999991063262033,
          0.000996402337666649,
          -0.0008913636607345078,
          0.5701198484865534
        ],
        [
          0.0,
          0.0,
          0.0,
          1.0
        ]
      ]
    },
    {
      "file_path": "images/img_0015.png",
      "sharpness": 17.674647353988114,
      "transform_matrix": [
        [
          -5.634812256281364e-06,
          0.6435371100654838,
          0.765414912277527,
          0.7298452080253409
        ],
        [
          -0.0009751858875921968,
          -0.7654145518758085,
          0.6435367998718022,
          0.19289927234182427
        ],
        [
          0.9999995244902539,
          -0.0007427956115583026,
          0.0006318812751757984,
          0.5699783348501946
        ],
        [
          0.0,
          0.0,
          0.0,
          1.0
        ]
      ]
    },
    {
      "file_path": "images/img_0016.png",
      "sharpness": 18.942067580359932,
      "transform_matrix": [
        [
          0.0008483685243293327,
          0.7663931060795848,
          0.6423713001251946,
          0.6928558954418701
        ],
        [
          0.0005585428122353498,
          -0.6423717942473118,
          0.7663929579435188,
          0.22974479997437336
        ],
        [
          0.9999994841502536,
          -0.0002913917903155619,
          -0.0009730313719039028,
          0.5698622860217681
        ],
        [
          0.0,
          0.0,
          0.0,
          1.0
        ]
      ]
    },
    {
      "file_path": "images/img_0017.png",
      "sharpness": 21.40172853766761,
      "transform_matrix": [
        [
          0.8661310493453545,
          0.00020347286731955724,
          0.49981693044424497,
          0.650044671255538
        ],
        [
          -0.499816933984132,
          -3.6711471513836095e-05,
          0.8661310704246609,
          0.2598367839945562
        ],
        [
          0.00019458318737785763,
          -0.9999999786255294,
          6.990223934735954e-05,
          0.570110441906451
        ],
        [
          0.0,
          0.0,
          0.0,
          1.0
        ]
      ]
    },
    {
      "file_path": "images/img_0018.png",
      "sharpness": 22.065395643031952,
      "transform_matrix": [
        [
          0.9394087001149424,
          -6.789458644811674e-06,
          0.3427992037654951,
          0.6025523003986801
        ],
        [
          -0.34279913096791526,
          0.0006334037629126963,
          0.9394085131652335,
          0.2819533545987589
        ],
        [
          -0.00022350838083934715,
          -0.9999997993767679,
          0.0005926975850425867,
          0.5700513141296357
        ],
        [
          0.0,
          0.0,
          0.0,
          1.0
        ]
      ]
    },
    {
      "file_path": "images/img_0019.png",
      "sharpness": 22.204015252535417,
      "transform_matrix": [
        [
          0.9849571927737063,
          0.0008664028238956665,
          0.17279634761616539,
          0.5521099901067559
        ],
        [
          -0.17279708709194033,
          0.0008665639229942404,
          0.9849570629014786,
          0.29533322689830194
        ],
        [
          0.0007036304998444482,
          -0.9999992492062751,
          0.001003240253168869,
          0.5699947710108252
        ],
        [
          0.0,
          0.0,
          0.0,
          1.0
        ]
      ]
    },
    {
      "file_path": "images/img_0020.png",
      "sharpness": 21.9230133082247,
      "transform_matrix": [
        [
          0.9999988787542013,
          0.0012910937747920717,
          -0.0007586614560907928,
          0.499953539447578
        ],
        [
          0.0007597321060703563,
          -0.000828969803596259,
          0.9999993678078959,
          0.2999613198199041
        ],
        [
          0.00129046405113453,
          -0.9999988229422717,
          -0.0008299497595100052,
          0.5700218386934115
        ],
        [
          0.0,
          0.0,
          0.0,
          1.0
        ]
      ]
    },
    {
      "file_path": "images/img_0021.png",
      "sharpness": 22.992766995010278,
      "transform_matrix": [
        [
          0.9848177965125452,
          0.0008595191383675477,
          -0.1735890805869597,
          0.44788631294932235
        ],
        [
          0.17358812044559824,
          0.001088541298015493,
          0.9848177392380819,
          0.2954532771806554
        ],
        [
          0.001035428577782461,
          -0.9999990381518838,
          0.000922812530808283,
          0.5699730354217072
        ],
        [
          0.0,
          0.0,
          0.0,
          1.0
        ]
      ]
    },
    {
      "file_path": "images/img_0022.png",
      "sharpness": 23.830867530151973,
      "transform_matrix": [
        [
          0.939529960764447,
          0.0002182385523983155,
          -0.3424666483000805,
          0.39739506322838586
        ],
        [
          0.342466128151241,
          0.0012570154295687027,
          0.9395293348168046,
          0.28176078580254105
        ],
        [
          0.0006355273829921763,
          -0.9999991861417405,
          0.0011062643451698595,
          0.5700444397209887
        ],
        [
          0.0,
          0.0,
          0.0,
          1.0
        ]
      ]
    },
    {
      "file_path": "images/img_0023.png",
      "sharpness": 23.005820610696105,
      "transform_matrix": [
        [
          0.8660293265202628,
          0.0011494645009872133,
          -0.4999918842723563,
          0.3499572092760485
        ],
        [
          0.4999923505013661,
          -0.00014156833412574173,
          0.8660298086085292,
          0.2597560471272617
        ],
        [
          0.0009246875036594912,
          -0.9999993293446586,
          -0.0006973257867259863,
          0.5699270257126205
        ],
        [
          0.0,
          0.0,
          0.0,
          1.0
        ]
      ]
    },
    {
      "file_path": "images/img_0024.png",
      "sharpness": 21.992569793041753,
      "transform_matrix": [
        [
          -7.460570561073202e-05,
          -0.7666007448498862,
          -0.6421240475403394,
          0.30714239856078923
        ],
        [
          -0.0005499568404238952,
          -0.64212392076778,
          0.7666006573994619,
          0.2297908723285962
        ],
        [
          -0.9999998459907193,
          0.00041033329531243957,
          -0.00037369121530592527,
          0.5699188865344043
        ],
        [
          0.0,
          0.0,
          0.0,
          1.0
        ]
      ]
    },
    {
      "file_path": "images/img_0025.png",
      "sharpness": 14.473054840801785,
      "transform_matrix": [
        [
          -0.8135959987901572,
          -0.3424353317001874,
          -0.46989317334478087,
          0.35902312270193326
        ],
        [
          -0.2962546322502051,
          0.9395412563288126,
          -0.17174230849261116,
          -0.05130588656226279
        ],
        [
          0.5002946568003114,
          -0.000520825746433418,
          -0.8658550601097162,
          0.31021855233178347
        ],
        [
          0.0,
          0.0,
          0.0,
          1.0
        ]
      ]
    },
    {
      "file_path": "images/img_0026.png",
      "sharpness": 14.290844429094301,
      "transform_matrix": [
        [
          -0.7498222059302085,
          -0.49988127522755466,
          -0.43345746062425666,
          0.3700934250142459
        ],
        [
          -0.43245773654449965,
          0.8660937669588299,
          -0.25072274116615606,
          -0.07502663626997189
        ],
        [
          0.5007464084711576,
          -0.0005454465481832948,
          -0.865593863709361,
          0.3102259511449118
        ],
        [
          0.0,
          0.0,
          0.0,
          1.0
        ]
      ]
    },
    {
      "file_path": "images/img_0027.png",
      "sharpness": 14.632773119368778,
      "transform_matrix": [
        [
          -0.663623020387947,
          -0.6429591471296133,
          -0.3823715757395388,
          0.38511516664135437
        ],
        [
          -0.5568570658816419,
          0.7659003833962824,
          -0.321413768981846,
          -0.09649350353569161
        ],
        [
          0.499514459239036,
          -0.0003712624231469066,
          -0.8663054698980878,
          0.310183176903517
        ],
        [
          0.0,
          0.0,
          0.0,
          1.0
        ]
      ]
    },
    {
      "file_path": "images/img_0028.png",
      "sharpness": 12.788592141045278,
      "transform_matrix": [
        [
          -0.9398588294865055,
          0.29597676827892194,
          -0.17047912856247494,
          0.44866671216715803
        ],
        [
          0.34156277723086215,
          0.8136902536295806,
          -0.47036479498211686,
          -0.14104604339448604
        ],
        [
          -0.0004998465724344703,
          -0.5003058302552487,
          -0.8658486163100395,
          0.3102258809957028
        ],
        [
          0.0,
          0.0,
          0.0,
          1.0
        ]
      ]
    },
    {
      "file_path": "images/img_0029.png",
      "sharpness": 12.913812451227923,
      "transform_matrix": [
        [
          -0.9847206660712888,
          0.15121151180964423,
          -0.08637296167412588,
          0.47391068162164757
        ],
        [
          0.17413878115550666,
          0.8523521165563995,
          -0.4931242787568881,
          -0.14765474358543532
        ],
        [
          -0.000945891004683516,
          -0.5006305505041302,
          -0.8656605323059029,
          0.3102228238100979
        ],
        [
          0.0,
          0.0,
          0.0,
          1.0
        ]
      ]
    },
    {
      "file_path": "images/img_0030.png",
      "sharpness": 12.86860010744644,
      "transform_matrix": [
        [
          -0.9999993292055281,
          -0.0008541186153436156,
          0.0007823489526248644,
          0.49998987874087636
        ],
        [
          -0.0011306773507881378,
          0.8663944519243314,
          -0.4993589643167178,
          -0.1500612165761792
        ],
        [
          -0.0002513110048613774,
          -0.49935951393372635,
          -0.8663948364842968,
          0.3102213313392792
        ],
        [
          0.0,
          0.0,
          0.0,
          1.0
        ]
      ]
    },
    {
      "file_path": "images/img_0031.png",
      "sharpness": 13.252230769669582,
      "transform_matrix": [
        [
          -0.9847448380740408,
          -0.1501537670963613,
          0.08792866491254067,
          0.526010421779083
        ],
        [
          -0.1740016312513727,
          0.8527073435559415,
          -0.49255823875723576,
          -0.14773419029340487
        ],
        [
          -0.0010179432162451623,
          -0.5003439141955666,
          -0.8658261553678473,
          0.3102127777680944
        ],
        [
          0.0,
          0.0,
          0.0,
          1.0
        ]
      ]
    },
    {
      "file_path": "images/img_0032.png",
      "sharpness": 13.100010610108955,
      "transform_matrix": [
        [
          -0.9396693961502041,
          -0.2957030858469015,
          0.17199160142091263,
          0.5512970273806582
        ],
        [
          -0.3420827468041556,
          0.8135942356378645,
          -0.47015296880458163,
          -0.14086594189369464
        ],
        [
          -0.0009056917985828687,
          -0.5006237157361386,
          -0.8656645279580929,
          0.31016394740944053
        ],
        [
          0.0,
          0.0,
          0.0,
          1.0
        ]
      ]
    },
    {
      "file_path": "images/img_0033.png",
      "sharpness": 14.557103807374059,
      "transform_matrix": [
        [
          -0.4339016845985595,
          0.8655712410633873,
          0.25003150750759384,
          0.5749207357272818
        ],
        [
          0.7500712689531838,
          0.5007857982192154,
          -0.4319799483690241,
          -0.12984458036338592
        ],
        [
          -0.4991216480914181,
          0.00010462280438017197,
          -0.8665319206241484,
          0.3101925659354691
        ],
        [
          0.0,
          0.0,
          0.0,
          1.0
        ]
      ]
    },
    {
      "file_path": "images/img_0034.png",
      "sharpness": 15.288176221463198,
      "transform_matrix": [
        [
          -0.5575221230191953,
          0.7653301134006308,
          0.3216191845433755,
          0.5964919743686129
        ],
        [
          0.6627333912879393,
          0.643637904284699,
          -0.38277238698734123,
          -0.1148434263811489
        ],
        [
          -0.49995353225690425,
          -0.00025630095061475244,
          -0.8660521923612152,
          0.3101101725664338
        ],
        [
          0.0,
          0.0,
          0.0,
          1.0
        ]
      ]
    },
    {
      "file_path": "images/img_0035.png",
      "sharpness": 15.85183706357926,
      "transform_matrix": [
        [
          -0.6631357831140536,
          0.6433046501394639,
          0.3826356756271591,
          0.614975624185858
        ],
        [
          0.5574583437837921,
          0.7656101950938077,
          -0.32106264827016695,
          -0.09639990856561555
        ],
        [
          -0.4994908688850498,
          0.00039531931839934995,
          -0.8663190610987931,
          0.31025166797766895
        ],
        [
          0.0,
          0.0,
          0.0,
          1.0
        ]
      ]
    },
    {
      "file_path": "images/img_0036.png",
      "sharpness": 15.595549102252647,
      "transform_matrix": [
        [
          -0.7506441416520159,
          0.49956137830347397,
          0.4324023611302803,
          0.6299120344058431
        ],
        [
          0.43234183046084673,
          0.8662779949471535,
          -0.250285790855381,
          -0.07489319303075438
        ],
        [
          -0.49961376505984356,
          -0.0009299343376759856,
          -0.8662477826724033,
          0.3102627326864161
        ],
        [
          0.0,
          0.0,
          0.0,
          1.0
        ]
      ]
    },
    {
      "file_path": "images/img_0037.png",
      "sharpness": 14.744626948493522,
      "transform_matrix": [
        [
          -0.8136963204466849,
          0.3420980915006297,
          0.46996509857983226,
          0.6410121535872854
        ],
        [
          0.296232710629644,
          0.9396642462626654,
          -0.17110606490896024,
          -0.0512126733150896
        ],
        [
          -0.5001444583763157,
          -9.340368901114153e-06,
          -0.865941984585699,
          0.3101445096786502
        ],
        [
          0.0,
          0.0,
          0.0,
          1.0
        ]
      ]
    },
    {
      "file_path": "images/img_0038.png",
      "sharpness": 14.652176985050685,
      "transform_matrix": [
        [
          -0.8532695764695708,
          0.17335000985383417,
          0.4918137899196357,
          0.6477343539120904
        ],
        [
          0.14977814395576866,
          0.9848599497244824,
          -0.0872776433106167,
          -0.025989434639853717
        ],
        [
          -0.49949728474197436,
          -0.0008084011168968027,
          -0.8663150749138729,
          0.3102798502343515
        ],
        [
          0.0,
          0.0,
          0.0,
          1.0
        ]
      ]
    },
    {
      "file_path": "images/img_0039.png",
      "sharpness": 14.302196486591672,
      "transform_matrix": [
        [
          -0.8663533687797339,
          1.9039307616806843e-05,
          0.49943151686843934,
          0.6500163944177568
        ],
        [
          6.936365537709632e-05,
          0.9999999942157799,
          8.220171858108651e-05,
          -5.678912445645362e-05
        ],
        [
          -0.4994315124145539,
          0.0001058581314327309,
          -0.866353365089192,
          0.31022779513136944
        ],
        [
          0.0,
          0.0,
          0.0,
          1.0
        ]
      ]
    },
    {
      "file_path": "images/img_0040.png",
      "sharpness": 12.430617249140155,
      "transform_matrix": [
        [
          -0.8532283406102776,
          -0.17384676289028128,
          0.4917099773362363,
          0.6477964547261801
        ],
        [
          -0.15061061758623853,
          0.9847727160484089,
          0.0868282188976121,
          0.026075767916799598
        ],
        [
          -0.49931737467238546,
          2.7553768229638234e-05,
          -0.8664191587165341,
          0.3102596313932691
        ],
        [
          0.0,
          0.0,
          0.0,
          1.0
        ]
      ]
    },
    {
      "file_path": "images/img_0041.png",
      "sharpness": 12.172313778509452,
      "transform_matrix": [
        [
          -0.8141602425813881,
          -0.341404297160398,
          0.46966605719407634,
          0.6409790180258086
        ],
        [
          -0.295918312354085,
          0.9399164723854453,
          0.17026267163418382,
          0.05138796108546422
        ],
        [
          -0.4995752714189574,
          -0.00036168897462589305,
          -0.8662704066097147,
          0.31026538115774893
        ],
        [
          0.0,
          0.0,
          0.0,
          1.0
        ]
      ]
    },
    {
      "file_path": "images/img_0042.png",
      "sharpness": 12.107011607320931,
      "transform_matrix": [
        [
          -0.7499109155358366,
          -0.4998910013540049,
          0.4332927480647396,
          0.6299875141860108
        ],
        [
          -0.4323985360010668,
          0.8660879950235413,
          0.2508447546596037,
          0.07495868325944145
        ],
        [
          -0.5006646830208196,
          0.0007560697010732136,
          -0.8656409784282795,
          0.31018771076150436
        ],
        [
          0.0,
          0.0,
          0.0,
          1.0
        ]
      ]
    },
    {
      "file_path": "images/img_0043.png",
      "sharpness": 10.939272398359556,
      "transform_matrix": [
        [
          0.6635932479806496,
          0.6427057034668084,
          0.38284903025308403,
          0.6149187639269148
        ],
        [
          0.5572572171014915,
          -0.7661126862126879,
          0.32021203289739225,
          0.0965215159842443
        ],
        [
          0.4991075988429682,
          0.000854842215971203,
          -0.866539597492228,
          0.3101423342454524
        ],
        [
          0.0,
          0.0,
          0.0,
          1.0
        ]
      ]
    },
    {
      "file_path": "images/img_0044.png",
      "sharpness": 15.18036678357777,
      "transform_matrix": [
        [
          0.7665500774943597,
          -0.5560879719792542,
          0.32119642917285307,
          0.5964294815464338
        ],
        [
          -0.6421843563766316,
          -0.6641542833252501,
          0.38275101615260915,
          0.11496376335706382
        ],
        [
          0.0004807478786224309,
          -0.49966514323166833,
          -0.8662185137254649,
          0.3101606672476585
        ],
        [
          0.0,
          0.0,
          0.0,
          1.0
        ]
      ]
    },
    {
      "file_path": "images/img_0045.png",
      "sharpness": 13.386859682579122,
      "transform_matrix": [
        [
          0.8663604672149854,
          -0.43204987537662154,
          0.2505043832632039,
          0.5750070055790077
        ],
        [
          -0.49941893507656016,
          -0.7500121349130027,
          0.4336617630945051,
          0.12993098131644185
        ],
        [
          0.000517816595713664,
          -0.5008140400091495,
          -0.8655547522806902,
          0.3102929548417653
        ],
        [
          0.0,
          0.0,
          0.0,
          1.0
        ]
      ]
    },
    {
      "file_path": "images/img_0046.png",
      "sharpness": 13.400991486996977,
      "transform_matrix": [
        [
          0.9397909815325898,
          -0.2954808813974981,
          0.17170893907589435,
          0.5512639085697977
        ],
        [
          -0.3417484430522711,
          -0.813955732234209,
          0.4697702285526627,
          0.14098292509128724
        ],
        [
          0.0009553540496338383,
          -0.5001670867736402,
          -0.865928387689773,
          0.31026629669409267
        ],
        [
          0.0,
          0.0,
          0.0,
          1.0
        ]
      ]
    },
    {
      "file_path": "images/img_0047.png",
      "sharpness": 13.127195145034552,
      "transform_matrix": [
        [
          0.9849919064103331,
          -0.1493169301454122,
          0.08657597055816278,
          0.5260236245008509
        ],
        [
          -0.1726002999822404,
          -0.8529423610145673,
          0.4926443597900377,
          0.14784021450767482
        ],
        [
          0.000284169277706637,
          -0.5001937456214798,
          -0.8659134691693946,
          0.3102380928159048
        ],
        [
          0.0,
          0.0,
          0.0,
          1.0
        ]
      ]
    },
    {
      "file_path": "images/img_0048.png",
      "sharpness": 12.854341106197268,
      "transform_matrix": [
        [
          0.9999994443907552,
          0.0006443947581085783,
          0.0008342503080460049,
          0.500005431968689
        ],
        [
          0.00014109613085300037,
          -0.8661014749575475,
          0.4998681977964216,
          0.1500657997893203
        ],
        [
          0.0010446578686876293,
          -0.4998678023555392,
          -0.8661010846651683,
          0.310330964516393
        ],
        [
          0.0,
          0.0,
          0.0,
          1.0
        ]
      ]
    },
    {
      "file_path": "images/img_0049.png",
      "sharpness": 12.860729165992945,
      "transform_matrix": [
        [
          0.9846654508553487,
          0.15150383849487006,
          -0.0864900966189372,
          0.4739735887208699
        ],
        [
          0.17445152261249688,
          -0.8528926253679738,
          0.4920780790190784,
          0.1477094497786745
        ],
        [
          0.0007849522369173349,
          -0.49962061257943036,
          -0.866243976796226,
          0.3102650900072903
        ],
        [
          0.0,
          0.0,
          0.0,
          1.0
        ]
      ]
    },
    {
      "file_path": "images/img_0050.png",
      "sharpness": 12.973079840896464,
      "transform_matrix": [
        [
          0.9399004792809761,
          0.2961016061659185,
          -0.1700321377662318,
          0.44865325351235796
        ],
        [
          0.34144750310815275,
          -0.813859354307498,
          0.4701558826893381,
          0.1409647720318069
        ],
        [
          0.0008316661587192928,
          -0.49995678836490054,
          -0.8660499512725895,
          0.31011800584290405
        ],
        [
          0.0,
          0.0,
          0.0,
          1.0
        ]
      ]
    },
    {
      "file_path": "images/img_0051.png",
      "sharpness": 14.691429121797011,
      "transform_matrix": [
        [
          0.663782193987154,
          -0.6424487318381124,
          -0.3829527724213542,
          0.3851234989184993
        ],
        [
          -0.5565268852498333,
          -0.7663286642365931,
          0.3209644908139809,
          0.09653520230685791
        ],
        [
          -0.49967091664386376,
          7.299972897051497e-05,
          -0.8662153137247808,
          0.310236150762925
        ],
        [
          0.0,
          0.0,
          0.0,
          1.0
        ]
      ]
    },
    {
      "file_path": "images/img_0052.png",
      "sharpness": 14.14739738569893,
      "transform_matrix": [
        [
          0.75077428899865,
          -0.49942096147078846,
          -0.4323386059816597,
          0.37005295205282335
        ],
        [
          -0.43250493449617394,
          -0.8663593117360628,
          0.24972189452403984,
          0.07503951878012254
        ],
        [
          -0.4992769257787025,
          -0.0004961973484169488,
          -0.8664423265129417,
          0.31028395625473265
        ],
        [
          0.0,
          0.0,
          0.0,
          1.0
        ]
      ]
    },
    {
      "file_path": "images/img_0053.png",
      "sharpness": 12.685439129312467,
      "transform_matrix": [
        [
          0.8137514180350841,
          -0.3426583266478786,
          -0.46946128788726094,
          0.35916031779466145
        ],
        [
          -0.29692168820778303,
          -0.9394600709978695,
          0.17103299702840402,
          0.05141287406684075
        ],
        [
          -0.49964601541264186,
          0.00021489428503141368,
          -0.8662296537885992,
          0.31022687634231616
        ],
        [
          0.0,
          0.0,
          0.0,
          1.0
        ]
      ]
    },
    {
      "file_path": "images/img_0054.png",
      "sharpness": 11.817515617407308,
      "transform_matrix": [
        [
          -0.9398032149963739,
          0.0007167939580006764,
          -0.3417153834536874,
          0.39740898020822774
        ],
        [
          -0.0007171620211750929,
          -0.9999997349944957,
          -0.00012525802742645133,
          -2.1059540737278145e-05
        ],
        [
          -0.34171538268142726,
          0.00012734739818478556,
          0.9398034800007529,
          0.8518975407883831
        ],
        [
          0.0,
          0.0,
          0.0,
          1.0
        ]
      ]
    },
    {
      "file_path": "images/img_0055.png",
      "sharpness": 12.099513351692627,
      "transform_matrix": [
        [
          -0.9258899624654336,
          0.17276029358988093,
          -0.33597865760267376,
          0.3988548672260697
        ],
        [
          -0.16224698052540126,
          -0.9849638006780614,
          -0.059348366988636755,
          -0.017860042612983077
        ],
        [
          -0.3411798568440796,
          -0.00043853456648221967,
          0.9399979324292616,
          0.8520371189427638
        ],
        [
          0.0,
          0.0,
          0.0,
          1.0
        ]
      ]
    },
    {
      "file_path": "images/img_0056.png",
      "sharpness": 12.156063191680685,
      "transform_matrix": [
        [
          -0.8828884359158234,
          0.3425298938540262,
          -0.32121843275637235,
          0.4035655514613058
        ],
        [
          -0.32192211084840455,
          -0.9395069253873649,
          -0.11701662999799538,
          -0.03516703427062366
        ],
        [
          -0.3418686359890566,
          9.468648127693139e-05,
          0.9397477463455032,
          0.8517782507416435
        ],
        [
          0.0,
          0.0,
          0.0,
          1.0
        ]
      ]
    },
    {
      "file_path": "images/img_0057.png",
      "sharpness": 12.886393529799644,
      "transform_matrix": [
        [
          -0.8144530727662036,
          0.49923864273542434,
          -0.29568051992206024,
          0.4111376972859519
        ],
        [
          -0.4691645709463111,
          -0.8664644856925441,
          -0.17065726003401807,
          -0.051401502876779324
        ],
        [
          -0.3413953684959015,
          -0.0002695055581514994,
          0.939919746433865,
          0.8518207955551776
        ],
        [
          0.0,
          0.0,
          0.0,
          1.0
        ]
      ]
    },
    {
      "file_path": "images/img_0058.png",
      "sharpness": 12.98883687639476,
      "transform_matrix": [
        [
          -0.7201452105286149,
          0.642339168112161,
          -0.26228089686760064,
          0.42137685545221304
        ],
        [
          -0.603156544497882,
          -0.7664199864061864,
          -0.2209130762687338,
          -0.06606672400443118
        ],
        [
          -0.34291844304742575,
          -0.0008930543756039697,
          0.9393647554979966,
          0.8519654887150174
        ],
        [
          0.0,
          0.0,
          0.0,
          1.0
        ]
      ]
    },
    {
      "file_path": "images/img_0059.png",
      "sharpness": 13.152067131146241,
      "transform_matrix": [
        [
          -0.6031430324116469,
          0.7664543620047131,
          -0.22083068948230566,
          0.4340465681275546
        ],
        [
          -0.7201539695558644,
          -0.642298280868389,
          -0.2623569677489866,
          -0.07871826073483348
        ],
        [
          -0.3429238145510067,
          0.0007933205279923915,
          0.9393628841168495,
          0.851930967581328
        ],
        [
          0.0,
          0.0,
          0.0,
          1.0
        ]
      ]
    },
    {
      "file_path": "images/img_0060.png",
      "sharpness": 12.987941507298034,
      "transform_matrix": [
        [
          -0.46899200720274586,
          0.8664937055929363,
          -0.1709829095195216,
          0.4486321832659947
        ],
        [
          -0.8145968388923716,
          -0.49918742696374496,
          -0.29537078871796224,
          -0.08885625738401874
        ],
        [
          -0.3412894478979601,
          0.0007555985293273686,
          0.9399579468382441,
          0.8519146141131458
        ],
        [
          0.0,
          0.0,
          0.0,
          1.0
        ]
      ]
    },
    {
      "file_path": "images/img_0061.png",
      "sharpness": 12.971803792453771,
      "transform_matrix": [
        [
          -0.3215089431023515,
          0.9396837609949457,
          -0.11673229556383485,
          0.4649039609282993
        ],
        [
          -0.8833045056486732,
          -0.342044482395043,
          -0.32059120755856646,
          -0.09648846407256896
        ],
        [
          -0.34118198927546206,
          3.7222316186677186e-05,
          0.9399972600005477,
          0.8519208081066667
        ],
        [
          0.0,
          0.0,
          0.0,
          1.0
        ]
      ]
    },
    {
      "file_path": "images/img_0062.png",
      "sharpness": 12.942064309079093,
      "transform_matrix": [
        [
          -0.16217947253218082,
          0.9849985334409835,
          -0.05895513385868332,
          0.48210206937470906
        ],
        [
          -0.9257490453417648,
          -0.17256271042769694,
          -0.33646815008059466,
