{
  "fl_x": 1459.3889380610906,
  "fl_y": 1454.4214900095028,
  "cx": 954.691394115247,
  "cy": 535.1184063087003,
  "w": 1920,
  "h": 1080,
  "k1": 0.09668648408683915,
  "k2": -0.23222218453846194,
  "p1": -0.0006138641521862251,
  "p2": -0.0009708109126185855,
  "camera_angle_x": 1.1636913426738957,
  "camera_angle_y": 0.7110135242481365,
  "aabb_scale": 2,
  "scale": 1,
  "orientation_override": "none",
  "applied_scale": 1.0,
  "applied_transform": [
    [
      1.0,
      0.0,
      0.0,
      0.0
    ],
    [
      0.0,
      1.0,
      0.0,
      0.0
    ],
    [
      0.0,
      0.0,
      1.0,
      0.0
    ]
  ],
  "frames": [
    {
      "file_path": "color/000000.png",
      "transform_matrix": [
        [
          -0.03399067744612694,
          -0.2981605529785156,
          0.9539103507995605,
          0.8053700923919678
        ],
        [
          0.999273955821991,
          0.006298537366092205,
          0.03757581487298012,
          0.4504135847091675
        ],
        [
          -0.017211860045790672,
          0.9544949531555176,
          0.2977299988269806,
          0.19761574268341064
        ],
        [
          0.0,
          0.0,
          0.0,
          1.0
        ]
      ],
      "sharpness": 201.05305021910482
    },
    {
      "file_path": "color/000002.png",
      "transform_matrix": [
        [
          -0.032727617770433426,
          -0.3019177317619324,
          0.9527720808982849,
          0.8063347339630127
        ],
        [
          0.9992984533309937,
          0.007478424813598394,
          0.036695584654808044,
          0.4492208957672119
        ],
        [
          -0.018204281106591225,
          0.953304648399353,
          0.3014611601829529,
          0.19920295476913452
        ],
        [
          0.0,
          0.0,
          0.0,
          1.0
        ]
      ],
      "sharpness": 216.988606287999
    },
    {
      "file_path": "color/000004.png",
      "transform_matrix": [
        [
          -0.030558206140995026,
          -0.30377480387687683,
          0.9522536993026733,
          0.8067514896392822
        ],
        [
          0.9993584156036377,
          0.008518941700458527,
          0.03478742018342018,
          0.44798970222473145
        ],
        [
          -0.01867973804473877,
          0.9527057409286499,
          0.3033195734024048,
          0.20035415887832642
        ],
        [
          0.0,
          0.0,
          0.0,
          1.0
        ]
      ],
      "sharpness": 210.19611737653105
    },
    {
      "file_path": "color/000005.png",
      "transform_matrix": [
        [
          -0.030784258618950844,
          -0.3038034439086914,
          0.9522372484207153,
          0.8060493469238281
        ],
        [
          0.9993593096733093,
          0.008047549985349178,
          0.03487514704465866,
          0.4479796886444092
        ],
        [
          -0.018258368596434593,
          0.9527007937431335,
          0.30336102843284607,
          0.1995212435722351
        ],
        [
          0.0,
          0.0,
          0.0,
          1.0
        ]
      ],
      "sharpness": 208.00472559211428
    },
    {
      "file_path": "color/000006.png",
      "transform_matrix": [
        [
          -0.028967902064323425,
          -0.30165013670921326,
          0.9529785513877869,
          0.804901123046875
        ],
        [
          0.9994413256645203,
          0.007159110624343157,
          0.03264634311199188,
          0.44627219438552856
        ],
        [
          -0.01667025499045849,
          0.9533918499946594,
          0.30127421021461487,
          0.19798320531845093
        ],
        [
          0.0,
          0.0,
          0.0,
          1.0
        ]
      ],
      "sharpness": 210.5595032663678
    },
    {
      "file_path": "color/000007.png",
      "transform_matrix": [
        [
          -0.029680557548999786,
          -0.30261871218681335,
          0.9526494145393372,
          0.8049994707107544
        ],
        [
          0.999398410320282,
          0.008117775432765484,
          0.03371575102210045,
          0.44670701026916504
        ],
        [
          -0.017936429008841515,
          0.9530770778656006,
          0.3021957576274872,
          0.19941484928131104
        ],
        [
          0.0,
          0.0,
          0.0,
          1.0
        ]
      ],
      "sharpness": 202.04990302860494
    },
    {
      "file_path": "color/000008.png",
      "transform_matrix": [
        [
          -0.029009858146309853,
          -0.30242016911506653,
          0.9527330994606018,
          0.8051674365997314
        ],
        [
          0.9994228482246399,
          0.008076285012066364,
          0.03299512714147568,
          0.44610196352005005
        ],
        [
          -0.017672952264547348,
          0.9531404972076416,
          0.3020113408565521,
          0.19977879524230957
        ],
        [
          0.0,
          0.0,
          0.0,
          1.0
        ]
      ],
      "sharpness": 226.57751149904203
    },
    {
      "file_path": "color/000009.png",
      "transform_matrix": [
        [
          -0.02941843867301941,
          -0.30302706360816956,
          0.9525277614593506,
          0.8051642179489136
        ],
        [
          0.9994124174118042,
          0.007850797846913338,
          0.03336399793624878,
          0.4458451271057129
        ],
        [
          -0.017588278278708458,
          0.9529496431350708,
          0.3026180565357208,
          0.2001643180847168
        ],
        [
          0.0,
          0.0,
          0.0,
          1.0
        ]
      ],
      "sharpness": 210.04320550459866
    },
    {
      "file_path": "color/000010.png",
      "transform_matrix": [
        [
          -0.028612473979592323,
          -0.3002774119377136,
          0.9534226655960083,
          0.8037467002868652
        ],
        [
          0.9994675517082214,
          0.006372224073857069,
          0.03200118988752365,
          0.444374144077301
        ],
        [
          -0.015684641897678375,
          0.9538306593894958,
          0.2999351918697357,
          0.1974582076072693
        ],
        [
          0.0,
          0.0,
          0.0,
          1.0
        ]
      ],
      "sharpness": 208.92007860638768
    },
    {
      "file_path": "color/000011.png",
      "transform_matrix": [
        [
          -0.02631068415939808,
          -0.3047102689743042,
          0.9520816206932068,
          0.8046680688858032
        ],
        [
          0.9995393753051758,
          0.006394071038812399,
          0.029668563976883888,
          0.4419565796852112
        ],
        [
          -0.015127988532185555,
          0.952423632144928,
          0.304401695728302,
          0.19976985454559326
        ],
        [
          0.0,
          0.0,
          0.0,
          1.0
        ]
      ],
      "sharpness": 203.11817466744418
    },
    {
      "file_path": "color/000012.png",
      "transform_matrix": [
        [
          -0.0274148341268301,
          -0.3040178418159485,
          0.9522718191146851,
          0.8043795824050903
        ],
        [
          0.999504566192627,
          0.006398611702024937,
          0.03081740066409111,
          0.441292941570282
        ],
        [
          -0.015462257899343967,
          0.9526448845863342,
          0.3036918640136719,
          0.19951790571212769
        ],
        [
          0.0,
          0.0,
          0.0,
          1.0
        ]
      ],
      "sharpness": 212.04472412466498
    },
    {
      "file_path": "color/000034.png",
      "transform_matrix": [
        [
          -0.03941209241747856,
          -0.29488664865493774,
          0.954719066619873,
          0.7909047603607178
        ],
        [
          0.9991353750228882,
          0.0010239369003102183,
          0.04156191647052765,
          0.38299328088760376
        ],
        [
          -0.013233618810772896,
          0.955531656742096,
          0.29459133744239807,
          0.2112463116645813
        ],
        [
          0.0,
          0.0,
          0.0,
          1.0
        ]
      ],
      "sharpness": 210.26386233728772
    },
    {
      "file_path": "color/000037.png",
      "transform_matrix": [
        [
          -0.040531449019908905,
          -0.2986900210380554,
          0.9534891247749329,
          0.7888995409011841
        ],
        [
          0.9991165399551392,
          -0.001512643531896174,
          0.04199715703725815,
          0.3766756057739258
        ],
        [
          -0.01110184658318758,
          0.9543489217758179,
          0.29848745465278625,
          0.2105233073234558
        ],
        [
          0.0,
          0.0,
          0.0,
          1.0
        ]
      ],
      "sharpness": 205.07597550406524
    },
    {
      "file_path": "color/000038.png",
      "transform_matrix": [
        [
          -0.04182232543826103,
          -0.3000441789627075,
          0.9530081152915955,
          0.7889828681945801
        ],
        [
          0.9990655779838562,
          -0.002156298141926527,
          0.04316465184092522,
          0.3750237822532654
        ],
        [
          -0.010896328836679459,
          0.9539228677749634,
          0.29985401034355164,
          0.21101385354995728
        ],
        [
          0.0,
          0.0,
          0.0,
          1.0
        ]
      ],
      "sharpness": 200.2406375352313
    },
    {
      "file_path": "color/000040.png",
      "transform_matrix": [
        [
          -0.04309748113155365,
          -0.3015672266483307,
          0.9524704217910767,
          0.7874056100845337
        ],
        [
          0.9990396499633789,
          -0.005476432852447033,
          0.043470729142427444,
          0.3700753450393677
        ],
        [
          -0.007893206551671028,
          0.9534291625022888,
          0.3015136122703552,
          0.20966345071792603
        ],
        [
          0.0,
          0.0,
          0.0,
          1.0
        ]
      ],
      "sharpness": 206.45062565586417
    },
    {
      "file_path": "color/000042.png",
      "transform_matrix": [
        [
          -0.04278465360403061,
          -0.3004467785358429,
          0.9528384804725647,
          0.7873382568359375
        ],
        [
          0.999075710773468,
          -0.00891580618917942,
          0.04204950109124184,
          0.3634917736053467
        ],
        [
          -0.004138312302529812,
          0.9537568688392639,
          0.30055052042007446,
          0.21010619401931763
        ],
        [
          0.0,
          0.0,
          0.0,
          1.0
        ]
      ],
      "sharpness": 223.93823293441753
    },
    {
      "file_path": "color/000052.png",
      "transform_matrix": [
        [
          -0.05450499802827835,
          -0.29551780223846436,
          0.9537811279296875,
          0.78266441822052
        ],
        [
          0.9985100030899048,
          -0.013606345281004906,
          0.052845314145088196,
          0.32712316513061523
        ],
        [
          -0.0026392515283077955,
          0.9552403092384338,
          0.29581910371780396,
          0.21171724796295166
        ],
        [
          0.0,
          0.0,
          0.0,
          1.0
        ]
      ],
      "sharpness": 204.29286939440226
    },
    {
      "file_path": "color/000081.png",
      "transform_matrix": [
        [
          -0.09024987369775772,
          -0.29838454723358154,
          0.9501692652702332,
          0.7826242446899414
        ],
        [
          0.9959039688110352,
          -0.021761473268270493,
          0.0877600610256195,
          0.23043692111968994
        ],
        [
          -0.005509162321686745,
          0.9541975855827332,
          0.2991262674331665,
          0.21003496646881104
        ],
        [
          0.0,
          0.0,
          0.0,
          1.0
        ]
      ],
      "sharpness": 203.5633018247305
    },
    {
      "file_path": "color/000114.png",
      "transform_matrix": [
        [
          -0.14516890048980713,
          -0.27438992261886597,
          0.9505977630615234,
          0.8072221279144287
        ],
        [
          0.9894068837165833,
          -0.040526676923036575,
          0.1393975019454956,
          0.1281834840774536
        ],
        [
          0.00027530506486073136,
          0.9607641696929932,
          0.2773664593696594,
          0.21967285871505737
        ],
        [
          0.0,
          0.0,
          0.0,
          1.0
        ]
      ],
      "sharpness": 215.0931206459892
    },
    {
      "file_path": "color/000141.png",
      "transform_matrix": [
        [
          -0.1639815717935562,
          -0.2692091166973114,
          0.949018657207489,
          0.8151746988296509
        ],
        [
          0.9864513874053955,
          -0.04948880150914192,
          0.1564110517501831,
          0.02149021625518799
        ],
        [
          0.0048584965988993645,
          0.9618093371391296,
          0.2736769914627075,
          0.21314722299575806
        ],
        [
          0.0,
          0.0,
          0.0,
          1.0
        ]
      ],
      "sharpness": 212.22092920174072
    },
    {
      "file_path": "color/000164.png",
      "transform_matrix": [
        [
          -0.16010530292987823,
          -0.2463124841451645,
          0.9558746814727783,
          0.8219003677368164
        ],
        [
          0.9870989322662354,
          -0.03857169300317764,
          0.1553959846496582,
          -0.06687632203102112
        ],
        [
          -0.0014062687987461686,
          0.9684226512908936,
          0.24931032955646515,
          0.22175854444503784
        ],
        [
          0.0,
          0.0,
          0.0,
          1.0
        ]
      ],
      "sharpness": 200.56433570588453
    },
    {
      "file_path": "color/000166.png",
      "transform_matrix": [
        [
          -0.1568847894668579,
          -0.2458975613117218,
          0.9565153121948242,
          0.8234853744506836
        ],
        [
          0.9876118302345276,
          -0.03596503287553787,
          0.15273937582969666,
          -0.07240089774131775
        ],
        [
          -0.003157122526317835,
          0.9686284065246582,
          0.2484937310218811,
          0.22243386507034302
        ],
        [
          0.0,
          0.0,
          0.0,
          1.0
        ]
      ],
      "sharpness": 209.63550104338483
    },
    {
      "file_path": "color/000167.png",
      "transform_matrix": [
        [
          -0.15509511530399323,
          -0.24499735236167908,
          0.9570380449295044,
          0.8237848281860352
        ],
        [
          0.9878920912742615,
          -0.03470459580421448,
          0.15121103823184967,
          -0.07528233528137207
        ],
        [
          -0.0038326894864439964,
          0.9689023494720459,
          0.2474134862422943,
          0.22196286916732788
        ],
        [
          0.0,
          0.0,
          0.0,
          1.0
        ]
      ],
      "sharpness": 201.93119680182463
    },
    {
      "file_path": "color/000168.png",
      "transform_matrix": [
        [
          -0.15285661816596985,
          -0.24481266736984253,
          0.9574453830718994,
          0.8245210647583008
        ],
        [
          0.9882399439811707,
          -0.0338464193046093,
          0.14911867678165436,
          -0.07828560471534729
        ],
        [
          -0.0041000195778906345,
          0.9689794182777405,
          0.24710729718208313,
          0.22264021635055542
        ],
        [
          0.0,
          0.0,
          0.0,
          1.0
        ]
      ],
      "sharpness": 229.70030404966803
    },
    {
      "file_path": "color/000169.png",
      "transform_matrix": [
        [
          -0.1516217142343521,
          -0.24388191103935242,
          0.9578791260719299,
          0.8246397972106934
        ],
        [
          0.9884299635887146,
          -0.03336362540721893,
          0.14796298742294312,
          -0.08009597659111023
        ],
        [
          -0.004127172753214836,
          0.9692308902740479,
          0.24611882865428925,
          0.22217118740081787
        ],
        [
          0.0,
          0.0,
          0.0,
          1.0
        ]
      ],
      "sharpness": 222.71994836927922
    },
    {
      "file_path": "color/000170.png",
      "transform_matrix": [
        [
          -0.14957651495933533,
          -0.24399226903915405,
          0.9581725597381592,
          0.8250635862350464
        ],
        [
          0.9887399077415466,
          -0.03250690549612045,
          0.14607059955596924,
          -0.08251810073852539
        ],
        [
          -0.00449287099763751,
          0.9692321419715881,
          0.24610716104507446,
          0.2227703332901001
        ],
        [
          0.0,
          0.0,
          0.0,
          1.0
        ]
      ],
      "sharpness": 224.12461556360734
    },
    {
      "file_path": "color/000171.png",
      "transform_matrix": [
        [
          -0.14832009375095367,
          -0.24429984390735626,
          0.9582894444465637,
          0.8256878852844238
        ],
        [
          0.988930881023407,
          -0.03262309730052948,
          0.14474594593048096,
          -0.08465838432312012
        ],
        [
          -0.0040990388952195644,
          0.9691508412361145,
          0.24643434584140778,
          0.22337472438812256
        ],
        [
          0.0,
          0.0,
          0.0,
          1.0
        ]
      ],
      "sharpness": 223.51289248917604
    },
    {
      "file_path": "color/000172.png",
      "transform_matrix": [
        [
          -0.1461414098739624,
          -0.24305026233196259,
          0.9589416980743408,
          0.8255280256271362
        ],
        [
          0.9892563819885254,
          -0.03216294199228287,
          0.1426094025373459,
          -0.08737680315971375
        ],
        [
          -0.0038188626058399677,
          0.9694802761077881,
          0.24513936042785645,
          0.22285473346710205
        ],
        [
          0.0,
          0.0,
          0.0,
          1.0
        ]
      ],
      "sharpness": 229.48750714425208
    },
    {
      "file_path": "color/000173.png",
      "transform_matrix": [
        [
          -0.14409270882606506,
          -0.2425985187292099,
          0.9593660831451416,
          0.8254625797271729
        ],
        [
          0.9895539283752441,
          -0.030895480886101723,
          0.14081411063671112,
          -0.08963361382484436
        ],
        [
          -0.0045212265104055405,
          0.9696346521377563,
          0.24451610445976257,
          0.2231508493423462
        ],
        [
          0.0,
          0.0,
          0.0,
          1.0
        ]
      ],
      "sharpness": 222.34555735304974
    },
    {
      "file_path": "color/000174.png",
      "transform_matrix": [
        [
          -0.14127832651138306,
          -0.24272480607032776,
          0.9597526788711548,
          0.8254703283309937
        ],
        [
          0.9899561405181885,
          -0.02952289767563343,
          0.1382579207420349,
          -0.09177875518798828
        ],
        [
          -0.005223964806646109,
          0.9696458578109741,
          0.24445787072181702,
          0.22339707612991333
        ],
        [
          0.0,
          0.0,
          0.0,
          1.0
        ]
      ],
      "sharpness": 234.12295433133386
    },
    {
      "file_path": "color/000175.png",
      "transform_matrix": [
        [
          -0.13713280856609344,
          -0.24291637539863586,
          0.9603052735328674,
          0.8254296779632568
        ],
        [
          0.9905376434326172,
          -0.02827685885131359,
          0.1342971920967102,
          -0.09503912925720215
        ],
        [
          -0.00546856876462698,
          0.969635009765625,
          0.24449549615383148,
          0.2242472767829895
        ],
        [
          0.0,
          0.0,
          0.0,
          1.0
        ]
      ],
      "sharpness": 224.55570883858184
    },
    {
      "file_path": "color/000176.png",
      "transform_matrix": [
        [
          -0.1347210854291916,
          -0.24243979156017303,
          0.9607669711112976,
          0.8252182006835938
        ],
        [
          0.990867018699646,
          -0.027356211096048355,
          0.13203874230384827,
          -0.09727653861045837
        ],
        [
          -0.005728493444621563,
          0.969780683517456,
          0.24391105771064758,
          0.2246529459953308
        ],
        [
          0.0,
          0.0,
          0.0,
          1.0
        ]
      ],
      "sharpness": 228.39585388057793
    },
    {
      "file_path": "color/000177.png",
      "transform_matrix": [
        [
          -0.1318836510181427,
          -0.24196775257587433,
          0.9612794518470764,
          0.8251262903213501
        ],
        [
          0.991251528263092,
          -0.027106570079922676,
          0.12917257845401764,
          -0.10009264945983887
        ],
        [
          -0.005198586732149124,
          0.9699054956436157,
          0.24342583119869232,
          0.22554481029510498
        ],
        [
          0.0,
          0.0,
          0.0,
          1.0
        ]
      ],
      "sharpness": 218.09266918682974
    },
    {
      "file_path": "color/000178.png",
      "transform_matrix": [
        [
          -0.12960055470466614,
          -0.24235865473747253,
          0.9614915251731873,
          0.8260753154754639
        ],
        [
          0.9915571808815002,
          -0.02754032053053379,
          0.12671120464801788,
          -0.10249298810958862
        ],
        [
          -0.004229787737131119,
          0.9697957634925842,
          0.2438817322254181,
          0.22762590646743774
        ],
        [
          0.0,
          0.0,
          0.0,
          1.0
        ]
      ],
      "sharpness": 220.25521067672514
    },
    {
      "file_path": "color/000179.png",
      "transform_matrix": [
        [
          -0.12842367589473724,
          -0.2420669049024582,
          0.9617229700088501,
          0.8265327215194702
        ],
        [
          0.9917120337486267,
          -0.02761428989470005,
          0.12547770142555237,
          -0.10447186231613159
        ],
        [
          -0.0038167100865393877,
          0.9698665142059326,
          0.24360698461532593,
          0.22900927066802979
        ],
        [
          0.0,
          0.0,
          0.0,
          1.0
        ]
      ],
      "sharpness": 213.33761372632088
    },
    {
      "file_path": "color/000180.png",
      "transform_matrix": [
        [
          -0.12655244767665863,
          -0.24158218502998352,
          0.9620926976203918,
          0.8268033266067505
        ],
        [
          0.9919518232345581,
          -0.02690807729959488,
          0.12372343242168427,
          -0.1070227324962616
        ],
        [
          -0.004001306369900703,
          0.9700072407722473,
          0.2430431842803955,
          0.22994554042816162
        ],
        [
          0.0,
          0.0,
          0.0,
          1.0
        ]
      ],
      "sharpness": 223.8914086205564
    },
    {
      "file_path": "color/000181.png",
      "transform_matrix": [
        [
          -0.12460044026374817,
          -0.2400309145450592,
          0.9627355933189392,
          0.8269138336181641
        ],
        [
          0.992196261882782,
          -0.02563740499317646,
          0.12202136218547821,
          -0.10942304134368896
        ],
        [
          -0.004606851376593113,
          0.970426619052887,
          0.24135220050811768,
          0.23006004095077515
        ],
        [
          0.0,
          0.0,
          0.0,
          1.0
        ]
      ],
      "sharpness": 224.2233794732508
    },
    {
      "file_path": "color/000182.png",
      "transform_matrix": [
        [
          -0.12145224958658218,
          -0.2391648143529892,
          0.9633532762527466,
          0.8275724649429321
        ],
        [
          0.9925867915153503,
          -0.02480296790599823,
          0.11898013949394226,
          -0.11278995871543884
        ],
        [
          -0.004561844281852245,
          0.9706621170043945,
          0.24040423333644867,
          0.23055487871170044
        ],
        [
          0.0,
          0.0,
          0.0,
          1.0
        ]
      ],
      "sharpness": 253.19294921980688
    },
    {
      "file_path": "color/000183.png",
      "transform_matrix": [
        [
          -0.11895453929901123,
          -0.23708480596542358,
          0.9641788005828857,
          0.8280787467956543
        ],
        [
          0.9928900599479675,
          -0.02412123791873455,
          0.1165655255317688,
          -0.11600601673126221
        ],
        [
          -0.004378722980618477,
          0.9711894989013672,
          0.23826846480369568,
          0.22997963428497314
        ],
        [
          0.0,
          0.0,
          0.0,
          1.0
        ]
      ],
      "sharpness": 249.1818530718768
    },
    {
      "file_path": "color/000184.png",
      "transform_matrix": [
        [
          -0.1161838248372078,
          -0.2360684722661972,
          0.9647657871246338,
          0.8293061256408691
        ],
        [
          0.9932205677032471,
          -0.023936012759804726,
          0.11375365406274796,
          -0.1197611391544342
        ],
        [
          -0.0037609960418194532,
          0.9714415669441223,
          0.23724906146526337,
          0.2301349639892578
        ],
        [
          0.0,
          0.0,
          0.0,
          1.0
        ]
      ],
      "sharpness": 218.7860956002359
    },
    {
      "file_path": "color/000185.png",
      "transform_matrix": [
        [
          -0.11347735673189163,
          -0.2346082329750061,
          0.9654438495635986,
          0.8305402994155884
        ],
        [
          0.9935365915298462,
          -0.024041935801506042,
          0.11093704402446747,
          -0.12376615405082703
        ],
        [
          -0.0028155879117548466,
          0.9717926979064941,
          0.23582008481025696,
          0.2298804521560669
        ],
        [
          0.0,
          0.0,
          0.0,
          1.0
        ]
      ],
      "sharpness": 210.1838983377664
    },
    {
      "file_path": "color/000186.png",
      "transform_matrix": [
        [
          -0.11207962781190872,
          -0.23326227068901062,
          0.9659331440925598,
          0.8318411111831665
        ],
        [
          0.9936981201171875,
          -0.024845704436302185,
          0.10930131375789642,
          -0.1275736689567566
        ],
        [
          -0.0014965807786211371,
          0.9720964431762695,
          0.2345769852399826,
          0.22948384284973145
        ],
        [
          0.0,
          0.0,
          0.0,
          1.0
        ]
      ],
      "sharpness": 243.39092467922893
    },
    {
      "file_path": "color/000187.png",
      "transform_matrix": [
        [
          -0.11175037175416946,
          -0.23218953609466553,
          0.9662297368049622,
          0.8327691555023193
        ],
        [
          0.9937363266944885,
          -0.026365261524915695,
          0.10859596729278564,
          -0.13090112805366516
        ],
        [
          0.0002600543084554374,
          0.9723131656646729,
          0.23368148505687714,
          0.2292214035987854
        ],
        [
          0.0,
          0.0,
          0.0,
          1.0
        ]
      ],
      "sharpness": 218.84446129338127
    },
    {
      "file_path": "color/000188.png",
      "transform_matrix": [
        [
          -0.11023367941379547,
          -0.2313215434551239,
          0.9666121006011963,
          0.8344922065734863
        ],
        [
          0.9939026236534119,
          -0.02807668037712574,
          0.10662685334682465,
          -0.13538095355033875
        ],
        [
          0.0024741478264331818,
          0.9724721908569336,
          0.2330060750246048,
          0.22974133491516113
        ],
        [
          0.0,
          0.0,
          0.0,
          1.0
        ]
      ],
      "sharpness": 225.01289581963604
    },
    {
      "file_path": "color/000189.png",
      "transform_matrix": [
        [
          -0.10878545045852661,
          -0.23033709824085236,
          0.9670111536979675,
          0.8354191780090332
        ],
        [
          0.9940557479858398,
          -0.029458805918693542,
          0.10481095314025879,
          -0.13986390829086304
        ],
        [
          0.004345119930803776,
          0.9726649522781372,
          0.23217259347438812,
          0.22965800762176514
        ],
        [
          0.0,
          0.0,
          0.0,
          1.0
        ]
      ],
      "sharpness": 217.53857644540076
    },
    {
      "file_path": "color/000190.png",
      "transform_matrix": [
        [
          -0.10727721452713013,
          -0.22979474067687988,
          0.9673087000846863,
          0.8368072509765625
        ],
        [
          0.9942116737365723,
          -0.030569616705179214,
          0.10299868881702423,
          -0.14419978857040405
        ],
        [
          0.005901692435145378,
          0.9727588891983032,
          0.23174400627613068,
          0.22983801364898682
        ],
        [
          0.0,
          0.0,
          0.0,
          1.0
        ]
      ],
      "sharpness": 219.7956083410946
    },
    {
      "file_path": "color/000191.png",
      "transform_matrix": [
        [
          -0.10599786043167114,
          -0.2293354719877243,
          0.9675586223602295,
          0.8380831480026245
        ],
        [
          0.9943317174911499,
          -0.032571543008089066,
          0.10121063143014908,
          -0.1487874686717987
        ],
        [
          0.008303685113787651,
          0.9728023409843445,
          0.23148804903030396,
          0.22981476783752441
        ],
        [
          0.0,
          0.0,
          0.0,
          1.0
        ]
      ],
      "sharpness": 216.0910068094052
    },
    {
      "file_path": "color/000193.png",
      "transform_matrix": [
        [
          -0.10355344414710999,
          -0.2293538749217987,
          0.9678189158439636,
          0.841410756111145
        ],
        [
          0.9945513010025024,
          -0.035635806620121,
          0.09796874225139618,
          -0.1562134325504303
        ],
        [
          0.012019498273730278,
          0.9726905226707458,
          0.23179440200328827,
          0.22855216264724731
        ],
        [
          0.0,
          0.0,
          0.0,
          1.0
        ]
      ],
      "sharpness": 205.98145632500245
    },
    {
      "file_path": "color/000198.png",
      "transform_matrix": [
        [
          -0.09571431577205658,
          -0.24188341200351715,
          0.9655729532241821,
          0.8481458425521851
        ],
        [
          0.9954085350036621,
          -0.02400648407638073,
          0.09265802800655365,
          -0.17398986220359802
        ],
        [
          0.0007675730739720166,
          0.9700083136558533,
          0.2430705726146698,
          0.23060500621795654
        ],
        [
          0.0,
          0.0,
          0.0,
          1.0
        ]
      ],
      "sharpness": 218.95839010883637
    },
    {
      "file_path": "color/000199.png",
      "transform_matrix": [
        [
          -0.093976229429245,
          -0.24389338493347168,
          0.9652380347251892,
          0.8494995832443237
        ],
        [
          0.9955743551254272,
          -0.022670524194836617,
          0.09120146930217743,
          -0.17790228128433228
        ],
        [
          -0.00036099189310334623,
          0.9695369601249695,
          0.2449445128440857,
          0.23250478506088257
        ],
        [
          0.0,
          0.0,
          0.0,
          1.0
        ]
      ],
      "sharpness": 204.33387735462216
    },
    {
      "file_path": "color/000200.png",
      "transform_matrix": [
        [
          -0.09339919686317444,
          -0.2440558522939682,
          0.9652529954910278,
          0.850149393081665
        ],
        [
          0.99562668800354,
          -0.020921509712934494,
          0.09104833751916885,
          -0.18119996786117554
        ],
        [
          -0.0020263209007680416,
          0.9695354700088501,
          0.2449425905942917,
          0.2334861159324646
        ],
        [
          0.0,
          0.0,
          0.0,
          1.0
        ]
      ],
      "sharpness": 208.42499835691524
    },
    {
      "file_path": "color/000201.png",
      "transform_matrix": [
        [
          -0.09312160313129425,
          -0.24355144798755646,
          0.9654071927070618,
          0.8509448766708374
        ],
        [
          0.9956491589546204,
          -0.01953943632543087,
          0.09110932052135468,
          -0.18413805961608887
        ],
        [
          -0.0033262907527387142,
          0.9696911573410034,
          0.24431133270263672,
          0.2343718409538269
        ],
        [
          0.0,
          0.0,
          0.0,
          1.0
        ]
      ],
      "sharpness": 213.13424985019805
    },
    {
      "file_path": "color/000202.png",
      "transform_matrix": [
        [
          -0.09242256730794907,
          -0.24352483451366425,
          0.9654810428619385,
          0.8520541191101074
        ],
        [
          0.9957137703895569,
          -0.019201457500457764,
          0.09047343581914902,
          -0.1873745322227478
        ],
        [
          -0.003493886673822999,
          0.9697045683860779,
          0.2442556917667389,
          0.23595541715621948
        ],
        [
          0.0,
          0.0,
          0.0,
          1.0
        ]
      ],
      "sharpness": 221.34045235004606
    },
    {
      "file_path": "color/000203.png",
      "transform_matrix": [
        [
          -0.09237749874591827,
          -0.24188584089279175,
          0.9658973217010498,
          0.8522531986236572
        ],
        [
          0.9957172870635986,
          -0.018871387466788292,
          0.09050357341766357,
          -0.18999749422073364
        ],
        [
          -0.0036637133453041315,
          0.9701211452484131,
          0.2425932139158249,
          0.23629403114318848
        ],
        [
          0.0,
          0.0,
          0.0,
          1.0
        ]
      ],
      "sharpness": 218.66089719004933
    },
    {
      "file_path": "color/000204.png",
      "transform_matrix": [
        [
          -0.0924023687839508,
          -0.24184854328632355,
          0.9659042954444885,
          0.8537279367446899
        ],
        [
          0.995715856552124,
          -0.019131992012262344,
          0.09046392142772675,
          -0.19265398383140564
        ],
        [
          -0.003398895962163806,
          0.9701253175735474,
          0.24258027970790863,
          0.23837536573410034
        ],
        [
          0.0,
          0.0,
          0.0,
          1.0
        ]
      ],
      "sharpness": 216.37227950759188
    },
    {
      "file_path": "color/000205.png",
      "transform_matrix": [
        [
          -0.09187937527894974,
          -0.2405894547700882,
          0.9662685394287109,
          0.8544561862945557
        ],
        [
          0.995766818523407,
          -0.019693365320563316,
          0.08978086709976196,
          -0.195509135723114
        ],
        [
          -0.0025712589267641306,
          0.9704272150993347,
          0.24138042330741882,
          0.23948925733566284
        ],
        [
          0.0,
          0.0,
          0.0,
          1.0
        ]
      ],
      "sharpness": 205.1453881539532
    },
    {
      "file_path": "color/000206.png",
      "transform_matrix": [
        [
          -0.09150394052267075,
          -0.2392725795507431,
          0.9666310548782349,
          0.8555260896682739
        ],
        [
          0.9958034753799438,
          -0.020448794588446617,
          0.08920373767614365,
          -0.19816854596138
        ],
        [
          -0.0015775709180161357,
          0.9707370400428772,
          0.24013960361480713,
          0.2407395839691162
        ],
        [
          0.0,
          0.0,
          0.0,
          1.0
        ]
      ],
      "sharpness": 215.13593492044623
    },
    {
      "file_path": "color/000208.png",
      "transform_matrix": [
        [
          -0.0904199630022049,
          -0.23628313839435577,
          0.9674680829048157,
          0.8574743270874023
        ],
        [
          0.995903730392456,
          -0.021279236301779747,
          0.08788055181503296,
          -0.20356690883636475
        ],
        [
          -0.00017770756676327437,
          0.9714512228965759,
          0.2372393161058426,
          0.2429547905921936
        ],
        [
          0.0,
          0.0,
          0.0,
          1.0
        ]
      ],
      "sharpness": 220.38583432461644
    },
    {
      "file_path": "color/000209.png",
      "transform_matrix": [
        [
          -0.08989764750003815,
          -0.2350131720304489,
          0.9678260684013367,
          0.8583412170410156
        ],
        [
          0.9959495663642883,
          -0.022832684218883514,
          0.08696558326482773,
          -0.20643576979637146
        ],
        [
          0.0016600118251517415,
          0.9717239737510681,
          0.23611387610435486,
          0.24391239881515503
        ],
        [
          0.0,
          0.0,
          0.0,
          1.0
        ]
      ],
      "sharpness": 224.78876713039983
    },
    {
      "file_path": "color/000210.png",
      "transform_matrix": [
        [
          -0.09002302587032318,
          -0.2331872135400772,
          0.9682559967041016,
          0.8590754270553589
        ],
        [
          0.9959325790405273,
          -0.02472650073468685,
          0.08664131909608841,
          -0.2090064287185669
        ],
        [
          0.0037379481364041567,
          0.9721174240112305,
          0.23446473479270935,
          0.2445785403251648
        ],
        [
          0.0,
          0.0,
          0.0,
          1.0
        ]
      ],
      "sharpness": 220.06940357031357
    },
    {
      "file_path": "color/000211.png",
      "transform_matrix": [
        [
          -0.0905781090259552,
          -0.2313094139099121,
          0.9686545729637146,
          0.8597555160522461
        ],
        [
          0.9958757162094116,
          -0.02612735703587532,
          0.08688447624444962,
          -0.21125033497810364
        ],
        [
          0.00521118612959981,
          0.9725293517112732,
          0.2327219843864441,
          0.24489372968673706
        ],
        [
          0.0,
          0.0,
          0.0,
          1.0
        ]
      ],
      "sharpness": 218.53965013789227
    },
    {
      "file_path": "color/000212.png",
      "transform_matrix": [
        [
          -0.08989054709672928,
          -0.22972965240478516,
          0.9690943956375122,
          0.8606122732162476
        ],
        [
          0.9959318041801453,
          -0.026874516159296036,
          0.08600915223360062,
          -0.21404698491096497
        ],
        [
          0.006285091396421194,
          0.9728833436965942,
