{
  "1": [
    {
      "obj_id": 7,
      "cam_R_m2c": [
        -0.7661606864771086,
        -0.0010283619193585353,
        0.6426482280133426,
        0.6426486616051745,
        -0.0001254474343706588,
        0.766161002661986,
        -0.0007072722278280189,
        0.9999994633672082,
        0.000756988303555679
      ],
      "cam_t_m2c": [
        -178.94336598446662,
        -213.10775147836802,
        -0.041881170514468734
      ]
    }
  ],
  "2": [
    {
      "obj_id": 7,
      "cam_R_m2c": [
        -0.8658547292007376,
        0.0004301314549829251,
        0.5002953156962889,
        0.5002949864158671,
        -0.0006892863469510362,
        0.8658547519367666,
        0.0007172780948074455,
        0.9999996699355772,
        0.00038162923285333213
      ],
      "cam_t_m2c": [
        -139.068676716976,
        -241.0421997896907,
        0.010579637451498203
      ]
    }
  ],
  "3": [
    {
      "obj_id": 7,
      "cam_R_m2c": [
        -0.9393760992052641,
        -0.00033964430093844886,
        0.342888362129208,
        0.3428878620794423,
        0.0010438107211647697,
        0.9393757632054215,
        -0.0006769641729655214,
        0.9999993975502824,
        -0.0008640709353401642
      ],
      "cam_t_m2c": [
        -95.22548034867731,
        -261.61358195766053,
        -0.03941337810173346
      ]
    }
  ],
  "4": [
    {
      "obj_id": 7,
      "cam_R_m2c": [
        -0.9849511549470187,
        0.0008749166633618173,
        0.1728307174357815,
        0.1728302217038555,
        -0.0006141940532917131,
        0.984951439021976,
        0.0009679020254777215,
        0.9999994286430853,
        0.0004537391012500523
      ],
      "cam_t_m2c": [
        -48.352029189950436,
        -274.22133090108167,
        -0.016622828860852798
      ]
    }
  ],
  "5": [
    {
      "obj_id": 7,
      "cam_R_m2c": [
        0.00038303843162797104,
        -0.9999999185909293,
        -0.00012688457218567367,
        -0.0006029759016201045,
        -0.00012711552138624642,
        0.999999810130835,
        -0.9999997448507782,
        -0.00038296185056148444,
        -0.0006030245426623366
      ],
      "cam_t_m2c": [
        0.028771839788021485,
        -278.3310491253556,
        -0.06037109877361087
      ]
    }
  ],
  "6": [
    {
      "obj_id": 7,
      "cam_R_m2c": [
        -0.00019192656322195213,
        -0.984958381997214,
        -0.17279163433923542,
        -0.0009431976346875885,
        -0.1727913823602903,
        0.9849579932972986,
        -0.9999995367711004,
        0.00035201626337411996,
        -0.0008958471599947389
      ],
      "cam_t_m2c": [
        48.3710609633005,
        -274.0659298674296,
        0.07389575418387033
      ]
    }
  ],
  "7": [
    {
      "obj_id": 7,
      "cam_R_m2c": [
        -0.0011537659827226968,
        -0.9399707360016508,
        -0.3412531088277035,
        0.000307767813357193,
        -0.341253653576504,
        0.9399711959414826,
        -0.9999992870512611,
        0.0009794800675112546,
        0.0006830195950154004
      ],
      "cam_t_m2c": [
        95.22629474331934,
        -261.6342315145178,
        -0.04934390703042052
      ]
    }
  ],
  "8": [
    {
      "obj_id": 7,
      "cam_R_m2c": [
        -0.00029341007956229363,
        -0.8662182623292454,
        -0.4996657241775026,
        -0.0011582954330826992,
        -0.4996651161083771,
        0.8662178883491681,
        -0.9999992861308526,
        0.0008329175859215987,
        -0.0008567298758369329
      ],
      "cam_t_m2c": [
        139.15563419423785,
        -241.01043807251463,
        -0.07984569805449013
      ]
    }
  ],
  "9": [
    {
      "obj_id": 7,
      "cam_R_m2c": [
        -0.0002815774919268684,
        -0.7654331120360901,
        -0.6435154013019907,
        -0.00013563263035607065,
        -0.6435153916609812,
        0.7654331599161376,
        -0.9999999511589516,
        0.0003028104359600508,
        7.738174365314604e-05
      ],
      "cam_t_m2c": [
        179.00624400652492,
        -213.21969872784567,
        -0.048386401961742806
      ]
    }
  ],
  "10": [
    {
      "obj_id": 7,
      "cam_R_m2c": [
        -0.0011441759501525431,
        -0.6420000932295203,
        -0.7667037049308438,
        -0.00014246047562967498,
        -0.7667040943658536,
        0.6420006319215341,
        -0.999999335282983,
        0.0008437866574988717,
        0.0007857847470211166
      ],
      "cam_t_m2c": [
        213.26538640027255,
        -178.93099444292812,
        -0.008825389829946951
      ]
    }
  ],
  "11": [
    {
      "obj_id": 7,
      "cam_R_m2c": [
        -7.95265013012654e-06,
        -0.5008107609779069,
        -0.8655568043898015,
        -0.0008369004599734978,
        -0.865556497964912,
        0.500810591369968,
        -0.9999996497671263,
        0.000728367659141632,
        -0.00041224528822591004
      ],
      "cam_t_m2c": [
        240.95291780348643,
        -139.22934619849903,
        0.08771708185701108
      ]
    }
  ],
  "12": [
    {
      "obj_id": 7,
      "cam_R_m2c": [
        -0.0005322714685430648,
        -0.3425698067615011,
        -0.9394922267812925,
        0.0004257542804780045,
        -0.9394923523492055,
        0.3425696113356368,
        -0.9999997677101613,
        -0.00021765280692410876,
        0.0006459155356610759
      ],
      "cam_t_m2c": [
        261.584619346222,
        -95.1245246997483,
        0.07632975614361213
      ]
    }
  ],
  "13": [
    {
      "obj_id": 7,
      "cam_R_m2c": [
        0.0006422110941207462,
        -0.3414081659034225,
        -0.9399149173299527,
        0.0005610392490349281,
        0.9399150862420133,
        -0.34140784391930706,
        0.9999996363998699,
        -0.00030807325439070573,
        0.000795167276928918
      ],
      "cam_t_m2c": [
        261.5067826506298,
        95.24195956043971,
        0.010571598489150538
      ]
    }
  ],
  "14": [
    {
      "obj_id": 7,
      "cam_R_m2c": [
        0.0005659217180062948,
        -0.5004125628180732,
        -0.8657868945106857,
        -0.0007779809323947868,
        0.8657865508217094,
        -0.5004128726980518,
        0.9999995372390319,
        0.0009567602080763591,
        0.00010065598006452199
      ],
      "cam_t_m2c": [
        241.04923418127936,
        139.10463387315642,
        0.039551314931821166
      ]
    }
  ],
  "15": [
    {
      "obj_id": 7,
      "cam_R_m2c": [
        0.0007880678674537235,
        -0.6425146035052729,
        -0.7662730343888521,
        -0.00043717139495279235,
        0.766272977751855,
        -0.6425150056212517,
        0.9999995939150216,
        0.0008413380816454266,
        0.00032298610597231766
      ],
      "cam_t_m2c": [
        213.21755721299408,
        178.90238406110197,
        0.050286741279242146
      ]
    }
  ],
  "16": [
    {
      "obj_id": 7,
      "cam_R_m2c": [
        0.7652962419453128,
        -0.0005227957115166947,
        -0.6436780163630148,
        -0.6436780363310302,
        0.00015148878092572862,
        -0.7652963887254258,
        0.000497603668072373,
        0.9999998518678856,
        -0.00022057832225201744
      ],
      "cam_t_m2c": [
        178.92480693788283,
        213.0410769463658,
        0.05941921472346284
      ]
    }
  ],
  "17": [
    {
      "obj_id": 7,
      "cam_R_m2c": [
        0.8656523194444715,
        -0.0011800617087537773,
        -0.5006442542312561,
        -0.5006449193670277,
        -0.00033785097097815996,
        -0.8656526731713501,
        0.0008523804252832024,
        0.9999992466552587,
        -0.0008832533756809822
      ],
      "cam_t_m2c": [
        139.09021537416905,
        241.02652166333422,
        -0.047560757791413034
      ]
    }
  ],
  "18": [
    {
      "obj_id": 7,
      "cam_R_m2c": [
        0.9393480624348449,
        0.0003212995930487554,
        -0.34296517952479416,
        -0.3429649103329072,
        -0.0006844211055313339,
        -0.9393479663298853,
        -0.0005365447266420744,
        0.99999971416712,
        -0.0005327151532504266
      ],
      "cam_t_m2c": [
        95.26686111894567,
        261.5060920141836,
        0.040768017239905696
      ]
    }
  ],
  "19": [
    {
      "obj_id": 7,
      "cam_R_m2c": [
        0.9846408659294859,
        -7.887887026153738e-05,
        -0.1745919783946461,
        -0.17459198312264407,
        -0.0008320887590947096,
        -0.9846405166646351,
        -6.760869108205482e-05,
        0.9999996507031498,
        -0.0008330802146706482
      ],
      "cam_t_m2c": [
        48.35419851413313,
        274.06520262190884,
        0.08251287494515866
      ]
    }
  ],
  "20": [
    {
      "obj_id": 7,
      "cam_R_m2c": [
        0.9999998619979202,
        -0.0005246837185903471,
        -2.666712537919787e-05,
        -2.707299961326958e-05,
        -0.0007735679081243416,
        -0.9999997004298271,
        0.0005246629325783597,
        0.9999995631497479,
        -0.0007735820061324804
      ],
      "cam_t_m2c": [
        -0.07898424433967503,
        278.32310154849347,
        0.046434338385040214
      ]
    }
  ],
  "21": [
    {
      "obj_id": 7,
      "cam_R_m2c": [
        0.9846982855173074,
        0.0001322196286248636,
        0.1742678083216885,
        0.17426759734167796,
        0.0009840730543070233,
        -0.9846978400082852,
        -0.00030168863711611333,
        0.9999995070589752,
        0.0009459734523980135
      ],
      "cam_t_m2c": [
        -48.35229092662833,
        274.02412089283274,
        0.04754481998977475
      ]
    }
  ],
  "22": [
    {
      "obj_id": 7,
      "cam_R_m2c": [
        0.9396346070268703,
        -0.0005923657555040008,
        0.34217898003862085,
        0.342178210340094,
        -0.0011111738246538938,
        -0.9396344170267404,
        0.0009368275773052944,
        0.9999992071974574,
        -0.0008414027259820914
      ],
      "cam_t_m2c": [
        -95.15472117558706,
        261.51592023397336,
        -0.01622629472940906
      ]
    }
  ],
  "23": [
    {
      "obj_id": 7,
      "cam_R_m2c": [
        0.8663295927717461,
        0.0011158527171617324,
        0.49947151226136427,
        0.49947200961114363,
        -0.000203518375747299,
        -0.866330000747565,
        -0.0008650450543854053,
        0.9999993567262849,
        -0.0007336511906535538
      ],
      "cam_t_m2c": [
        -139.16304058391736,
        241.08971944914603,
        0.08099383836315875
      ]
    }
  ],
  "24": [
    {
      "obj_id": 7,
      "cam_R_m2c": [
        0.7662243906902308,
        0.000493008289132089,
        0.6425729064115697,
        0.6425727195653631,
        0.0004938859241025306,
        -0.7662245468184035,
        -0.0006951127666042659,
        0.9999997565097309,
        6.163376415009269e-05
      ],
      "cam_t_m2c": [
        -178.9079937072139,
        213.23573233485456,
        0.05155210621031923
      ]
    }
  ],
  "25": [
    {
      "obj_id": 7,
      "cam_R_m2c": [
        -0.8140782606048645,
        0.3415290929952971,
        0.46971743021562173,
        -0.295635182317309,
        -0.9398711399148406,
        0.17100315591061307,
        0.499876409312111,
        0.0003449536022411737,
        0.8660966784489149
      ],
      "cam_t_m2c": [
        -130.7554125119333,
        -47.59206200442981,
        -241.0039410989475
      ]
    }
  ],
  "26": [
    {
      "obj_id": 7,
      "cam_R_m2c": [
        -0.7498236650336371,
        0.4995693527912043,
        0.433814399377546,
        -0.4328227503157473,
        -0.8662736065130479,
        0.2494684458363208,
        0.500428754334357,
        -0.0007073970979279735,
        0.8657774318060674
      ],
      "cam_t_m2c": [
        -120.56279250072619,
        -69.5962916061636,
        -240.9751531447049
      ]
    }
  ],
  "27": [
    {
      "obj_id": 7,
      "cam_R_m2c": [
        -0.6628424560081475,
        0.6434118918957217,
        0.38296346546407617,
        -0.5573649602405492,
        -0.7655200766950494,
        0.3214394395105499,
        0.49998417935884487,
        -0.000386709158912366,
        0.8660344513048476
      ],
      "cam_t_m2c": [
        -106.5113739614469,
        -89.51190088285246,
        -240.98085097511134
      ]
    }
  ],
  "28": [
    {
      "obj_id": 7,
      "cam_R_m2c": [
        -0.9395480917216295,
        -0.2965698348969479,
        0.17115991461624955,
        0.34241694399798134,
        -0.8135439396969683,
        0.4699966964196865,
        -0.00014073140419697489,
        0.5001925541344381,
        0.8659141926213817
      ],
      "cam_t_m2c": [
        -47.56840614169239,
        -130.80476402405577,
        -240.9613451129787
      ]
    }
  ],
  "29": [
    {
      "obj_id": 7,
      "cam_R_m2c": [
        -0.9846376588772657,
        -0.1510638247872783,
        0.08756940996338829,
        0.1746098855046136,
        -0.8526101178496936,
        0.49251129410846745,
        0.0002619251099553721,
        0.5002356522489876,
        0.8658892675245877
      ],
      "cam_t_m2c": [
        -24.10118992794916,
        -137.02980864602574,
        -240.9283126713433
      ]
    }
  ],
  "30": [
    {
      "obj_id": 7,
      "cam_R_m2c": [
        -0.999999590156139,
        0.00030836862947937824,
        0.0008512322494773829,
        0.00015766394456027914,
        -0.8665281644198783,
        0.4991281552960092,
        0.0008915321838178413,
        0.4991280849400331,
        0.8665277606600152
      ],
      "cam_t_m2c": [
        -0.025633269751206576,
        -139.2189674763581,
        -240.9474703843549
      ]
    }
  ],
  "31": [
    {
      "obj_id": 7,
      "cam_R_m2c": [
        -0.9849279130525114,
        0.14970804790583545,
        -0.08662855465866026,
        -0.1729653237741956,
        -0.8526472848669023,
        0.49302698139228346,
        -5.34949725053145e-05,
        0.500579771865907,
        0.865690411831484
      ],
      "cam_t_m2c": [
        24.122933258272106,
        -136.99352351578926,
        -241.04000670949446
      ]
    }
  ],
  "32": [
    {
      "obj_id": 7,
      "cam_R_m2c": [
        -0.2956752472908728,
        -0.9398880690779493,
        -0.17084076136685053,
        0.8136890330749164,
        -0.34148266561350193,
        0.47042507005803236,
        -0.5004860693296954,
        8.179499485977304e-05,
        0.8657445857275056
      ],
      "cam_t_m2c": [
        47.55166658713898,
        -130.73099977053207,
        -241.05031360567435
      ]
    }
  ],
  "33": [
    {
      "obj_id": 7,
      "cam_R_m2c": [
        -0.4340361241803083,
        -0.8656479856697605,
        -0.249531977534788,
        0.7497311045545284,
        -0.5006525972432205,
        0.43272421672130224,
        -0.4995156792033489,
        0.0007360567258413947,
        0.8663045333198445
      ],
      "cam_t_m2c": [
        69.62062312205641,
        -120.46474979619347,
        -241.07853404582139
      ]
    }
  ],
  "34": [
    {
      "obj_id": 7,
      "cam_R_m2c": [
        -0.5567803853485134,
        -0.7663854401077108,
        -0.3203887633517618,
        0.6637699752996419,
        -0.6423806958720318,
        0.38308805966993664,
        -0.4994046679616379,
        0.0006314759491598558,
        0.8663686160383766
      ],
      "cam_t_m2c": [
        89.46681156548912,
        -106.63267810999272,
        -241.0038296424333
      ]
    }
  ],
  "35": [
    {
      "obj_id": 7,
      "cam_R_m2c": [
        -0.6643255435472284,
        -0.6425069314967569,
        -0.38191152793454836,
        0.5560977990522811,
        -0.766278561377551,
        0.3218266680409807,
        -0.499426481156024,
        0.0014175160572217755,
        0.8663551122769109
      ],
      "cam_t_m2c": [
        106.55919090495732,
        -89.50660691281738,
        -241.07754997895157
      ]
    }
  ],
  "36": [
    {
      "obj_id": 7,
      "cam_R_m2c": [
        -0.7498573125646417,
        -0.5009627536587015,
        -0.43214619081975536,
        0.43385446880003914,
        -0.8654687821287199,
        0.250467736570734,
        -0.4994840444854761,
        0.0003265077670140282,
        0.8663230244528362
      ],
      "cam_t_m2c": [
        120.46709995472636,
        -69.52949736288853,
        -241.10579837607852
      ]
    }
  ],
  "37": [
    {
      "obj_id": 7,
      "cam_R_m2c": [
        -0.8136181206938871,
        -0.3432629786380727,
        -0.4692505526635693,
        0.29705163520558386,
        -0.9392391644896073,
        0.17201778370434018,
        -0.49978583383308883,
        0.0005651419136156265,
        0.8661488330041099
      ],
      "cam_t_m2c": [
        130.79924444197584,
        -47.735506055354975,
        -241.03397873223238
      ]
    }
  ],
  "38": [
    {
      "obj_id": 7,
      "cam_R_m2c": [
        -0.8532332400160256,
        -0.1743156203801575,
        -0.4915354540857009,
        0.15092492039317182,
        -0.984689803415083,
        0.08722189779338639,
        -0.49921408887978125,
        0.00023567317629172012,
        0.8664786425077564
      ],
      "cam_t_m2c": [
        137.04962753363068,
        -24.199557049241843,
        -240.95596325925504
      ]
    }
  ],
  "39": [
    {
      "obj_id": 7,
      "cam_R_m2c": [
        -0.8657051424885509,
        -0.0006152655726982805,
        -0.5005539208888015,
        0.0007137341980861274,
        -0.9999997452780376,
        -5.230105223883705e-06,
        -0.5005537901688208,
        -0.00036179018031250794,
        0.8657053611105184
      ],
      "cam_t_m2c": [
        139.14527753091429,
        -0.017051138730193413,
        -241.01744658792202
      ]
    }
  ],
  "40": [
    {
      "obj_id": 7,
      "cam_R_m2c": [
        -0.8527871956181757,
        0.17251975967594937,
        -0.49294110349111653,
        -0.1494592509202649,
        -0.9850060385639015,
        -0.08616865037241245,
        -0.5004157584489524,
        0.00019108637429839,
        0.8657852113439897
      ],
      "cam_t_m2c": [
        137.04089098992682,
        24.25542144629116,
        -241.02422827964108
      ]
    }
  ],
  "41": [
    {
      "obj_id": 7,
      "cam_R_m2c": [
        -0.8141856859114261,
        0.3414365906177425,
        -0.4695984704449889,
        -0.2955053018146915,
        -0.939904682599172,
        -0.17104328173757186,
        -0.49977823627720036,
        -0.0004921539214822987,
        0.8661532614544429
      ],
      "cam_t_m2c": [
        130.7313173432296,
        47.608134101462504,
        -241.05971416975885
      ]
    }
  ],
  "42": [
    {
      "obj_id": 7,
      "cam_R_m2c": [
        -0.7500560485750186,
        0.49920561713974304,
        -0.43383139099442436,
        -0.43193707809511656,
        -0.8664834921504881,
        -0.2502732874226643,
        -0.5008455695747762,
        -0.0003311296160518174,
        0.8655365999138886
      ],
      "cam_t_m2c": [
        120.4605524216589,
        69.60037127438126,
        -241.00584878939605
      ]
    }
  ],
  "43": [
    {
      "obj_id": 7,
      "cam_R_m2c": [
        0.6638088602887676,
        -0.6418126966916822,
        -0.383971690841236,
        0.5557420124225337,
        0.7668613879857922,
        -0.3210520631378285,
        0.5005083542066797,
        -0.00027199605651205577,
        0.8657316636160798
      ],
      "cam_t_m2c": [
        106.6579712301471,
        89.31404927354639,
        -240.99899176843311
      ]
    }
  ],
  "44": [
    {
      "obj_id": 7,
      "cam_R_m2c": [
        0.7659943555338923,
        0.5562345618936073,
        -0.32226659684994285,
        -0.6428467822934572,
        0.6634235116168468,
        -0.3829063315341234,
        0.0008135017918282123,
        0.5004721334789763,
        0.8657522635406946
      ],
      "cam_t_m2c": [
        89.4800185365324,
        106.5525126331321,
        -241.0505433494475
      ]
    }
  ],
  "45": [
    {
      "obj_id": 7,
      "cam_R_m2c": [
        0.8657994470346495,
        0.432878859386458,
        -0.25101237142972566,
        -0.5003906672223645,
        0.7496930638584168,
        -0.4330929347834446,
        0.0007054581861268155,
        0.5005758714709083,
        0.865692381409175
      ],
      "cam_t_m2c": [
        69.52633875383474,
        120.53332920648877,
        -240.92313066766084
      ]
    }
  ],
  "46": [
    {
      "obj_id": 7,
      "cam_R_m2c": [
        0.9397127060249412,
        0.2959391869898175,
        -0.1713476808687192,
        -0.34196469845658584,
        0.813847444668524,
        -0.46980047021688925,
        0.0004185030214646306,
        0.5000723291788096,
        0.8659835393614023
      ],
      "cam_t_m2c": [
        47.62985800745903,
        130.76990965041858,
        -240.9793379436408
      ]
    }
  ],
  "47": [
    {
      "obj_id": 7,
      "cam_R_m2c": [
        0.9849130671022481,
        0.1494403150988451,
        -0.08725733478854629,
        -0.17304699817453062,
        0.8534197316572438,
        -0.49165994146448644,
        0.0009933146664348716,
        0.49934192077296713,
        0.8664044433662245
      ],
      "cam_t_m2c": [
        24.090153895164402,
        137.13030814719792,
        -241.08529124174652
      ]
    }
  ],
  "48": [
    {
      "obj_id": 7,
      "cam_R_m2c": [
        0.9999994309586213,
        -0.0008692798969801888,
        -0.0006184132068591313,
        0.0004445480286731362,
        0.8665073693200432,
        -0.4991640825330971,
        0.0009697729032688587,
        0.4991635235737073,
        0.8665072626781598
      ],
      "cam_t_m2c": [
        0.028472361552435037,
        139.18569267249873,
        -240.95369671296228
      ]
    }
  ],
  "49": [
    {
      "obj_id": 7,
      "cam_R_m2c": [
        0.9847639844435705,
        -0.15092628241732264,
        0.0863779614167288,
        0.17389544835139562,
        0.8532041140342482,
        -0.4917347992950072,
        0.0005176731501791436,
        0.4992634545715523,
        0.8664500764289823
      ],
      "cam_t_m2c": [
        -24.161399173962447,
        137.05256462257435,
        -241.04863685919665
      ]
    }
  ],
  "50": [
    {
      "obj_id": 7,
      "cam_R_m2c": [
        0.9394450594750876,
        -0.29721461282605866,
        0.17060613749365833,
        0.3426986344673909,
        0.8136051592466907,
        -0.46968531037424693,
        0.0007913040089782926,
        0.4997100346899421,
        0.8661923891769902
      ],
      "cam_t_m2c": [
        -47.55212569262345,
        130.8020847103252,
        -241.01950440171285
      ]
    }
  ],
  "51": [
    {
      "obj_id": 7,
      "cam_R_m2c": [
        0.663735163467283,
        0.6422149305210393,
        0.383426154289083,
        -0.5563785199937518,
        0.7665244903838699,
        -0.32075403057687524,
        -0.49989856497755775,
        -0.0004343473325237342,
        0.8660838504877996
      ],
      "cam_t_m2c": [
        -106.5917727534689,
        89.43718848940303,
        -241.1107330125679
      ]
    }
  ],
  "52": [
    {
      "obj_id": 7,
      "cam_R_m2c": [
        0.75074640747466,
        0.49896452748956466,
        0.4329136541748334,
        -0.43218361358394186,
        0.8666224020997962,
        -0.24936506637519454,
        -0.4995969933990975,
        0.00011174029974899484,
        0.8662579475541267
      ],
      "cam_t_m2c": [
        -120.52234648814887,
        69.62980068285839,
        -241.05000384369924
      ]
    }
  ],
  "53": [
    {
      "obj_id": 7,
      "cam_R_m2c": [
        0.8142833017930616,
        0.34061205096821257,
        0.4700278025353577,
        -0.2951328054595323,
        0.9402038942545109,
        -0.1700390083781905,
        -0.4998393057399301,
        -0.00026069883042815475,
        0.8661181215478316
      ],
      "cam_t_m2c": [
        -130.7646135583297,
        47.6157357031312,
        -241.05130335827968
      ]
    }
  ],
  "54": [
    {
      "obj_id": 7,
      "cam_R_m2c": [
        -0.9397499097338727,
        -0.0009908728173505243,
        0.34186126619761636,
        -0.0008527149999177651,
        0.9999994827497101,
        0.0005544163067314898,
        -0.34186163872582515,
        0.00022950244462831718,
        -0.9397502685800739
      ],
      "cam_t_m2c": [
        -95.24814883329557,
        0.04552826563951938,
        261.6147115174506
      ]
    }
  ],
  "55": [
    {
      "obj_id": 7,
      "cam_R_m2c": [
        -0.9253907097709154,
        -0.17322595097007126,
        0.33711245034883536,
        -0.1624255485639133,
        0.9848816332080385,
        0.06021718810421705,
        -0.34244704034842144,
        0.0009687517645355612,
        -0.9395366337065443
      ],
      "cam_t_m2c": [
        -93.63461449930188,
        -16.525957839298066,
        261.53976248999095
      ]
    }
  ],
  "56": [
    {
      "obj_id": 7,
      "cam_R_m2c": [
        -0.8834139134210071,
        -0.34177836634489306,
        0.32057355766313256,
        -0.3209077283511229,
        0.9397800291228307,
        0.11760836171979164,
        -0.3414646210937578,
        0.001022330918800905,
        -0.9398940724256051
      ],
      "cam_t_m2c": [
        -89.37506456513336,
        -32.65911737312306,
        261.50714322707165
      ]
    }
  ],
  "57": [
    {
      "obj_id": 7,
      "cam_R_m2c": [
        -0.8142943408669869,
        -0.4997518396529614,
        0.29525044486923274,
        -0.4694989750495107,
        0.8661682433640432,
        0.1712404351054573,
        -0.3413142816517615,
        0.0008203359849575774,
        -0.9399488753062123
      ],
      "cam_t_m2c": [
        -82.49939862647614,
        -47.682365851708404,
        261.5747940107523
      ]
    }
  ],
  "58": [
    {
      "obj_id": 7,
      "cam_R_m2c": [
        -0.7206206542135564,
        -0.6421881062755244,
        0.2613432778532516,
        -0.6034634775691899,
        0.7665468826041297,
        0.21963084485106046,
        -0.3413761912625509,
        0.0005593998093929886,
        -0.9399265838941503
      ],
      "cam_t_m2c": [
        -72.81412948239685,
        -61.160600817323186,
        261.43862380104713
      ]
    }
  ],
  "59": [
    {
      "obj_id": 7,
      "cam_R_m2c": [
        -0.6040069149321371,
        -0.7661204710772367,
        0.21962484037684477,
        -0.7195260835305763,
        0.6426963750303767,
        0.2631037526185503,
        -0.3427212596751359,
        0.0008906846838196982,
        -0.93943671678697
      ],
      "cam_t_m2c": [
        -61.20263362414714,
        -72.98140309046337,
        261.4676310185754
      ]
    }
  ],
  "60": [
    {
      "obj_id": 7,
      "cam_R_m2c": [
        -0.47045501277081797,
        -0.865575319175183,
        0.17161424123186783,
        -0.8132247088573149,
        0.5007787519736708,
        0.29645609198602746,
        -0.34254584198723637,
        -9.168682028138096e-05,
        -0.9395011110854431
      ],
      "cam_t_m2c": [
        -47.55524174431558,
        -82.41878550817356,
        261.46665238354433
      ]
    }
  ],
  "61": [
    {
      "obj_id": 7,
      "cam_R_m2c": [
        -0.32214773981233913,
        -0.9393602607547125,
        0.11757182591352543,
        -0.8829156018369883,
        0.3429315703279709,
        0.32071479246399165,
        -0.3415858219637208,
        -0.0004884539188556126,
        -0.9398504602574492
      ],
      "cam_t_m2c": [
        -32.57732091257786,
        -89.43858844837008,
        261.51657981854106
      ]
    }
  ],
  "62": [
    {
      "obj_id": 7,
      "cam_R_m2c": [
        -0.16389198922279435,
        -0.9846860007187518,
        0.059438168352551994,
        -0.9251133447731709,
        0.1743370116358093,
        0.33730091268256573,
        -0.34249775939587057,
        0.0002938748143895311,
        -0.9395185993083917
      ],
      "cam_t_m2c": [
        -16.498595756594995,
        -93.68467945358411,
        261.50558891967313
      ]
    }
  ],
  "63": [
    {
      "obj_id": 7,
      "cam_R_m2c": [
        -0.0007604185910892069,
        -0.9999996297900917,
        0.000402719809952323,
        -0.9396100577126734,
        0.0008523264502565042,
        0.34224583705986666,
        -0.3422460536058129,
        -0.0001181494866481399,
        -0.9396103579845987
      ],
      "cam_t_m2c": [
        -0.059980300843725846,
        -95.17600382854982,
        261.51452289031954
      ]
    }
  ],
  "64": [
    {
      "obj_id": 7,
      "cam_R_m2c": [
        0.1627465483860004,
        -0.9848602076273735,
        -0.05969868022502643,
        -0.9256826297792494,
        -0.17334959128849167,
        0.33624632061196713,
        -0.341504362949313,
        0.000539103217962805,
        -0.9398800346077708
      ],
      "cam_t_m2c": [
        16.488005556152476,
        -93.84587625768228,
        261.50772868502906
      ]
    }
  ],
  "65": [
    {
      "obj_id": 7,
      "cam_R_m2c": [
        0.321238363540037,
        -0.9397401708171443,
        -0.11702275480727638,
        -0.883079987619763,
        -0.3418894569808563,
        0.32137413503705453,
        -0.3420170306513971,
        0.00010275164304189753,
        -0.9396937480831196
      ],
      "cam_t_m2c": [
        32.5504535407661,
        -89.52705933257712,
        261.502233878521
      ]
    }
  ],
  "66": [
    {
      "obj_id": 7,
      "cam_R_m2c": [
        0.4691057894590482,
        -0.8663675742050432,
        -0.17130961637360473,
        -0.813877360767854,
        -0.4994068623372633,
        0.29697883338716563,
        -0.3428460294732247,
        0.00011052835958942696,
        -0.9393916051668367
      ],
      "cam_t_m2c": [
        47.61301282277608,
        -82.39682304920649,
        261.5455362880629
      ]
    }
  ],
  "67": [
    {
      "obj_id": 7,
      "cam_R_m2c": [
        0.6045130175697773,
        -0.7654180003761367,
        -0.22067917049164082,
        -0.7191637212962451,
        -0.6435333699871255,
        0.26204645329473475,
        -0.34258948255896365,
        0.0002939612386791838,
        -0.9394851568953986
      ],
      "cam_t_m2c": [
        61.167439510696106,
        -72.98233459758396,
        261.5364133389189
      ]
    }
  ],
  "68": [
    {
      "obj_id": 7,
      "cam_R_m2c": [
        0.7193781198935693,
        -0.6431606307443183,
        -0.26237287146152144,
        -0.6045755490621931,
        -0.765730890066581,
        0.21941879927205235,
        -0.3420285457305296,
        0.000779139533239991,
        -0.9396892395079591
      ],
      "cam_t_m2c": [
        72.94351419912226,
        -61.21095477554723,
        261.58910458234516
      ]
    }
  ],
  "69": [
    {
      "obj_id": 7,
      "cam_R_m2c": [
        0.8137187120308329,
        -0.5007087847541816,
        -0.2952161421075645,
        -0.47048272985099954,
        -0.8656156411324178,
        0.17133465130809025,
        -0.3413324751658337,
        -0.0005241153538235053,
        -0.9399424805275385
      ],
      "cam_t_m2c": [
        82.45710647049931,
        -47.63130121924115,
        261.59475069586637
      ]
    }
  ],
  "70": [
    {
      "obj_id": 7,
      "cam_R_m2c": [
        0.8828217109963539,
        -0.3428008246323481,
        -0.32111278583210057,
        -0.32205091524596413,
        -0.9394080677680258,
        0.11745505609202643,
        -0.34191963175972695,
        -0.00027720700992622983,
        -0.9397291570306662
      ],
      "cam_t_m2c": [
        89.4880053588143,
        -32.538658367798426,
        261.46601492409906
      ]
    }
  ],
  "71": [
    {
      "obj_id": 7,
      "cam_R_m2c": [
        0.9250549317013936,
        -0.1739521474819358,
        -0.33765962702306046,
        -0.1635168890365807,
        -0.9847540555851761,
        0.05934371919880093,
        -0.3428346545125332,
        0.0003168516537095216,
        -0.9393957096294941
      ],
      "cam_t_m2c": [
        93.7756188921357,
        -16.460307169213067,
        261.4854328777724
      ]
    }
  ],
  "72": [
    {
      "obj_id": 7,
      "cam_R_m2c": [
        0.9395750617494267,
        -0.0008266564470513937,
        -0.3423419635067826,
        -0.0005874843282356703,
        -0.9999995055661511,
        0.0008023276244957703,
        -0.3423424574906314,
        -0.0005527264888712217,
        -0.9395750828394204
      ],
      "cam_t_m2c": [
        95.08233619555428,
        0.01650337143621924,
        261.58902191767675
      ]
    }
  ],
  "73": [
    {
      "obj_id": 7,
      "cam_R_m2c": [
        0.9255624945725672,
        0.17424962294460022,
        -0.33611179322402807,
        0.16417677227493305,
        -0.9847008622061287,
        -0.05839691272569774,
        -0.3411452126089298,
        -0.0011317571173273253,
        -0.9400099270964305
      ],
      "cam_t_m2c": [
        93.73789154765092,
        16.54830064810686,
        261.5659205819395
      ]
    }
  ],
  "74": [
    {
      "obj_id": 7,
      "cam_R_m2c": [
        0.34281607069126735,
        -0.8827072939338774,
        -0.3214109128696965,
        -0.9394025388580352,
        -0.3220869433399814,
        -0.11740047238825667,
        0.00010799480608328628,
        0.34218099620791226,
        -0.9396340533267633
      ],
      "cam_t_m2c": [
        89.45069815256831,
        32.49988942804619,
        261.59490780874785
      ]
    }
  ],
  "75": [
    {
      "obj_id": 7,
      "cam_R_m2c": [
        0.49953219651275077,
        -0.8145109288706778,
        -0.29502462845900146,
        -0.8662948403303369,
        -0.46931241232082943,
        -0.17111139429809957,
        0.0009133806339514936,
        0.34105396404649674,
        -0.94004327525066
      ],
      "cam_t_m2c": [
        82.47034647824196,
        47.529502331048285,
        261.62987305536257
      ]
    }
  ],
  "76": [
    {
      "obj_id": 7,
      "cam_R_m2c": [
        0.6426917209166775,
        -0.7201915174115924,
        -0.26128821273365505,
        -0.7661248910620709,
        -0.6041338114760652,
        -0.2192600946969884,
        5.62164550815134e-05,
        0.3410960511055358,
        -0.9400284467822875
      ],
      "cam_t_m2c": [
        72.8952463611835,
        61.244864322714506,
        261.49113157756176
      ]
    }
  ],
  "77": [
    {
      "obj_id": 7,
      "cam_R_m2c": [
        0.7661318021686933,
        -0.6043067387910646,
        -0.21875883332441282,
        -0.6426833352737841,
        -0.7201511501801362,
        -0.2614200670484036,
        0.00043848274192159514,
        0.34087488371238955,
        -0.9401085689360298
      ],
      "cam_t_m2c": [
        61.26060610868942,
        72.9866707819336,
        261.5914600365227
      ]
    }
  ],
  "78": [
    {
      "obj_id": 7,
      "cam_R_m2c": [
        0.8655271902828535,
        -0.47049324809215526,
        -0.171752107354649,
        -0.5008618674283517,
        -0.8132322046459661,
        -0.29629507434793045,
        -0.0002695129929474488,
        0.34247552441941764,
        -0.9395267119866212
      ],
      "cam_t_m2c": [
        47.53587617179045,
        82.45220048237402,
        261.57888058489783
      ]
    }
  ],
  "79": [
    {
      "obj_id": 7,
      "cam_R_m2c": [
        0.9395506713251393,
        -0.3221136247143845,
        -0.1161350454679429,
        -0.3424090992216149,
        -0.883125852353137,
        -0.32069414973739063,
        0.0007380939796610719,
        0.34107409998254967,
        -0.9400361235284372
      ],
      "cam_t_m2c": [
        32.54830774982724,
        89.4705049212734,
        261.55252524676155
      ]
    }
  ],
  "80": [
    {
      "obj_id": 7,
      "cam_R_m2c": [
        0.9847717607902486,
        -0.16347307401999348,
        -0.059170374517384494,
        -0.17385171536394695,
        -0.9251941094726385,
        -0.33732986950779353,
        0.00040026876842822606,
        0.34247980067090905,
        -0.9395251065923294
      ],
      "cam_t_m2c": [
        16.55531634045035,
        93.69587281348016,
        261.6161736009797
      ]
    }
  ],
  "81": [
    {
      "obj_id": 7,
      "cam_R_m2c": [
        0.9999995471201446,
        -0.0002476425649175757,
        0.0009189301745479192,
        8.220444974874885e-05,
        -0.939468894002064,
        -0.3426341933388541,
        0.0009481571252145556,
        0.3426341137068795,
        -0.9394684481782064
      ],
      "cam_t_m2c": [
        0.012926872075137022,
        95.21690959982325,
        261.4633580882996
      ]
    }
  ],
  "82": [
    {
      "obj_id": 7,
      "cam_R_m2c": [
        0.9848076263010271,
        0.16283237186595656,
        0.06032874813754297,
        0.17364468076998751,
        -0.9258626827206722,
        -0.33559770199685396,
        0.0012099667868930802,
        0.34097494250719795,
        -0.94007160608253
      ],
      "cam_t_m2c": [
        -16.634380238554407,
        93.73305979857338,
        261.55818475997955
      ]
    }
  ],
  "83": [
    {
      "obj_id": 7,
      "cam_R_m2c": [
        0.9398568067495815,
        0.32075453426562517,
        0.11741256983186203,
        0.34156788390672305,
        -0.8833380581015589,
        -0.3210066288923801,
        0.0007506596854369525,
        0.3418046281977597,
        -0.9397707340903035
      ],
      "cam_t_m2c": [
        -32.64012389158282,
        89.42897743125592,
        261.57017900609657
      ]
    }
  ],
  "84": [
    {
      "obj_id": 7,
      "cam_R_m2c": [
        0.86628203580082,
        0.4696061467849636,
        0.1703687217495206,
        0.49955523281975645,
        -0.8143049693773181,
        -0.2955536942922615,
        -6.17347975537638e-05,
        0.3411414424387396,
        -0.940011974625659
      ],
      "cam_t_m2c": [
        -47.63604781134792,
        82.51589003233579,
        261.4683462701129
      ]
    }
  ],
  "85": [
    {
      "obj_id": 7,
      "cam_R_m2c": [
        0.7663348789575348,
        0.603521220605744,
        0.22021123852268124,
        0.6424405147971618,
        -0.7204518580543421,
        -0.26118825619312164,
        0.0010189407725550855,
        0.34163029213551743,
        -0.9398338710937708
      ],
      "cam_t_m2c": [
        -61.176644346333894,
        72.9713129489836,
        261.56557333208696
      ]
    }
  ],
  "86": [
    {
      "obj_id": 7,
      "cam_R_m2c": [
        -0.7201436169774397,
        0.6423229118411986,
        0.262325080483156,
        0.6032870069780785,
        0.766433940503808,
        -0.2205080543999182,
        -0.3426922207142767,
        -0.0005401552082484851,
        -0.9394475770868053
      ],
      "cam_t_m2c": [
        -72.91393611191948,
        61.187024334723965,
        261.5872921999728
      ]
    }
  ],
  "87": [
    {
      "obj_id": 7,
      "cam_R_m2c": [
        -0.8140379308405619,
        0.4998005811680367,
        0.2958743419374342,
        0.4694968038261229,
        0.8661402970825386,
        -0.1713876803239577,
        -0.34192835265574556,
        -0.0006040147886954128,
        -0.939725830663531
      ],
      "cam_t_m2c": [
        -82.49287110849038,
        47.50068095259787,
        261.46781508061383
      ]
    }
  ],
  "88": [
    {
      "obj_id": 7,
      "cam_R_m2c": [
        -0.8828621048555167,
        0.3419598736870601,
        0.321897419371477,
        0.3215815537996249,
        0.9397141694406904,
        -0.11628664587222659,
        -0.3422569328237276,
        0.0008511993442270031,
        -0.9396060171123696
      ],
      "cam_t_m2c": [
        -89.49422766948382,
        32.55542866718234,
        261.4747985074162
      ]
    }
  ],
  "89": [
    {
      "obj_id": 7,
      "cam_R_m2c": [
        -0.866432235181484,
        -0.0013778287525679845,
        0.4992927832708441,
        -0.0010449773094301045,
        0.9999990063738715,
        0.0009461890366270457,
