{
    "camera_model": "OPENCV",
    "camera_angle_x": 0.951948382486254,
    "camera_angle_y": 0.8139860440345605,
    "fl_x": 2282.23,
    "fl_y": 2288.54,
    "k1": 0.0,
    "k2": 0.0,
    "p1": 0.0,
    "p2": 0.0,
    "k3": 0.0,
    "is_fisheye": false,
    "cx": 1185.69,
    "cy": 949.444,
    "w": 2353,
    "h": 1973,
    "aabb_scale": 1,
    "frames": [
        {
            "file_path": "undistorted_images/img_0001.png",
            "sharpness": 14.936700705279314,
            "transform_matrix": [
                [
                    -0.7661606864771086,
                    0.0010283619193585353,
                    -0.6426482280133426,
                    -0.551096099627866
                ],
                [
                    0.6426486616051745,
                    0.0001254474343706588,
                    -0.766161002661986,
                    -0.656312962450857
                ],
                [
                    -0.0007072722278280189,
                    -0.9999994633672082,
                    -0.000756988303555679,
                    -0.0001289824274367167
                ],
                [
                    0.0,
                    0.0,
                    0.0,
                    1.0
                ]
            ]
        },
        {
            "file_path": "undistorted_images/img_0002.png",
            "sharpness": 14.935235291161739,
            "transform_matrix": [
                [
                    -0.8658547292007376,
                    -0.0004301314549829251,
                    -0.5002953156962889,
                    -0.4282930797545573
                ],
                [
                    0.5002949864158671,
                    0.0006892863469510362,
                    -0.8658547519367666,
                    -0.7423433409727549
                ],
                [
                    0.0007172780948074455,
                    -0.9999996699355772,
                    -0.00038162923285333213,
                    3.258235868606423e-05
                ],
                [
                    0.0,
                    0.0,
                    0.0,
                    1.0
                ]
            ]
        },
        {
            "file_path": "undistorted_images/img_0003.png",
            "sharpness": 14.811013059399757,
            "transform_matrix": [
                [
                    -0.9393760992052641,
                    0.00033964430093844886,
                    -0.342888362129208,
                    -0.29326815507595577
                ],
                [
                    0.3428878620794423,
                    -0.0010438107211647697,
                    -0.9393757632054215,
                    -0.8056975112397124
                ],
                [
                    -0.0006769641729655214,
                    -0.9999993975502824,
                    0.0008640709353401642,
                    -0.00012138230900892484
                ],
                [
                    0.0,
                    0.0,
                    0.0,
                    1.0
                ]
            ]
        },
        {
            "file_path": "undistorted_images/img_0004.png",
            "sharpness": 14.86695602221441,
            "transform_matrix": [
                [
                    -0.9849511549470187,
                    -0.0008749166633618173,
                    -0.1728307174357815,
                    -0.14891088333494018
                ],
                [
                    0.1728302217038555,
                    0.0006141940532917131,
                    -0.984951439021976,
                    -0.8445258926640894
                ],
                [
                    0.0009679020254777215,
                    -0.9999994286430853,
                    -0.0004537391012500523,
                    -5.1193717630150714e-05
                ],
                [
                    0.0,
                    0.0,
                    0.0,
                    1.0
                ]
            ]
        },
        {
            "file_path": "undistorted_images/img_0005.png",
            "sharpness": 13.984004692273714,
            "transform_matrix": [
                [
                    0.00038303843162797104,
                    0.9999999185909293,
                    0.00012688457218567367,
                    8.860931277928956e-05
                ],
                [
                    -0.0006029759016201045,
                    0.00012711552138624642,
                    -0.999999810130835,
                    -0.8571826886928594
                ],
                [
                    -0.9999997448507782,
                    0.00038296185056148444,
                    0.0006030245426623366,
                    -0.00018592629506742183
                ],
                [
                    0.0,
                    0.0,
                    0.0,
                    1.0
                ]
            ]
        },
        {
            "file_path": "undistorted_images/img_0006.png",
            "sharpness": 13.694183407117803,
            "transform_matrix": [
                [
                    -0.00019192656322195213,
                    0.984958381997214,
                    0.17279163433923542,
                    0.14896949593566175
                ],
                [
                    -0.0009431976346875885,
                    0.1727913823602903,
                    -0.9849579932972986,
                    -0.844047300439937
                ],
                [
                    -0.9999995367711004,
                    -0.00035201626337411996,
                    0.0008958471599947389,
                    0.00022757849493747404
                ],
                [
                    0.0,
                    0.0,
                    0.0,
                    1.0
                ]
            ]
        },
        {
            "file_path": "undistorted_images/img_0007.png",
            "sharpness": 13.246037384631869,
            "transform_matrix": [
                [
                    -0.0011537659827226968,
                    0.9399707360016508,
                    0.3412531088277035,
                    0.2932706631863197
                ],
                [
                    0.000307767813357193,
                    0.341253653576504,
                    -0.9399711959414826,
                    -0.8057611061664116
                ],
                [
                    -0.9999992870512611,
                    -0.0009794800675112546,
                    -0.0006830195950154004,
                    -0.00015196559288610523
                ],
                [
                    0.0,
                    0.0,
                    0.0,
                    1.0
                ]
            ]
        },
        {
            "file_path": "undistorted_images/img_0008.png",
            "sharpness": 12.860461098908335,
            "transform_matrix": [
                [
                    -0.00029341007956229363,
                    0.8662182623292454,
                    0.4996657241775026,
                    0.4285608847457557
                ],
                [
                    -0.0011582954330826992,
                    0.4996651161083771,
                    -0.8662178883491681,
                    -0.7422455236641504
                ],
                [
                    -0.9999992861308526,
                    -0.0008329175859215987,
                    0.0008567298758369329,
                    -0.0002459026772398676
                ],
                [
                    0.0,
                    0.0,
                    0.0,
                    1.0
                ]
            ]
        },
        {
            "file_path": "undistorted_images/img_0009.png",
            "sharpness": 12.386771133431655,
            "transform_matrix": [
                [
                    -0.0002815774919268684,
                    0.7654331120360901,
                    0.6435154013019907,
                    0.5512897465536294
                ],
                [
                    -0.00013563263035607065,
                    0.6435153916609812,
                    -0.7654331599161376,
                    -0.6566577290322376
                ],
                [
                    -0.9999999511589516,
                    -0.0003028104359600508,
                    -7.738174365314604e-05,
                    -0.00014901674196995555
                ],
                [
                    0.0,
                    0.0,
                    0.0,
                    1.0
                ]
            ]
        },
        {
            "file_path": "undistorted_images/img_0010.png",
            "sharpness": 12.121041410968385,
            "transform_matrix": [
                [
                    -0.0011441759501525431,
                    0.6420000932295203,
                    0.7667037049308438,
                    0.6567984344332846
                ],
                [
                    -0.00014246047562967498,
                    0.7667040943658536,
                    -0.6420006319215341,
                    -0.551057998699951
                ],
                [
                    -0.999999335282983,
                    -0.0008437866574988717,
                    -0.0007857847470211166,
                    -2.71797609608025e-05
                ],
                [
                    0.0,
                    0.0,
                    0.0,
                    1.0
                ]
            ]
        },
        {
            "file_path": "undistorted_images/img_0011.png",
            "sharpness": 11.575988744722078,
            "transform_matrix": [
                [
                    -7.95265013012654e-06,
                    0.5008107609779069,
                    0.8655568043898015,
                    0.7420683771366076
                ],
                [
                    -0.0008369004599734978,
                    0.865556497964912,
                    -0.500810591369968,
                    -0.4287878973417276
                ],
                [
                    -0.9999996497671263,
                    -0.000728367659141632,
                    0.00041224528822591004,
                    0.00027014436336429096
                ],
                [
                    0.0,
                    0.0,
                    0.0,
                    1.0
                ]
            ]
        },
        {
            "file_path": "undistorted_images/img_0012.png",
            "sharpness": 10.950855834899064,
            "transform_matrix": [
                [
                    -0.0005322714685430648,
                    0.3425698067615011,
                    0.9394922267812925,
                    0.8056083144029871
                ],
                [
                    0.0004257542804780045,
                    0.9394923523492055,
                    -0.3425696113356368,
                    -0.29295723958571623
                ],
                [
                    -0.9999997677101613,
                    0.00021765280692410876,
                    -0.0006459155356610759,
                    0.0002350745481111733
                ],
                [
                    0.0,
                    0.0,
                    0.0,
                    1.0
                ]
            ]
        },
        {
            "file_path": "undistorted_images/img_0013.png",
            "sharpness": 10.283446145379003,
            "transform_matrix": [
                [
                    0.0006422110941207462,
                    0.3414081659034225,
                    0.9399149173299527,
                    0.8053685988979569
                ],
                [
                    0.0005610392490349281,
                    -0.9399150862420133,
                    0.34140784391930706,
                    0.2933189064926246
                ],
                [
                    0.9999996363998699,
                    0.00030807325439070573,
                    -0.000795167276928918,
                    3.255760090434664e-05
                ],
                [
                    0.0,
                    0.0,
                    0.0,
                    1.0
                ]
            ]
        },
        {
            "file_path": "undistorted_images/img_0014.png",
            "sharpness": 10.632985163677143,
            "transform_matrix": [
                [
                    0.0005659217180062948,
                    0.5004125628180732,
                    0.8657868945106857,
                    0.7423650049542411
                ],
                [
                    -0.0007779809323947868,
                    -0.8657865508217094,
                    0.5004128726980518,
                    0.42840381785549625
                ],
                [
                    0.9999995372390319,
                    -0.0009567602080763591,
                    -0.00010065598006452199,
                    0.00012180711631395209
                ],
                [
                    0.0,
                    0.0,
                    0.0,
                    1.0
                ]
            ]
        },
        {
            "file_path": "undistorted_images/img_0015.png",
            "sharpness": 18.290825403205517,
            "transform_matrix": [
                [
                    0.0007880678674537235,
                    0.6425146035052729,
                    0.7662730343888521,
                    0.6566511337585011
                ],
                [
                    -0.00043717139495279235,
                    -0.766272977751855,
                    0.6425150056212517,
                    0.5509698866330603
                ],
                [
                    0.9999995939150216,
                    -0.0008413380816454266,
                    -0.00032298610597231766,
                    0.0001548692617327406
                ],
                [
                    0.0,
                    0.0,
                    0.0,
                    1.0
                ]
            ]
        },
        {
            "file_path": "undistorted_images/img_0016.png",
            "sharpness": 20.227561018054946,
            "transform_matrix": [
                [
                    0.7652962419453128,
                    0.0005227957115166947,
                    0.6436780163630148,
                    0.5510389428949026
                ],
                [
                    -0.6436780363310302,
                    -0.00015148878092572862,
                    0.7652963887254258,
                    0.6561076233239842
                ],
                [
                    0.000497603668072373,
                    -0.9999998518678856,
                    0.00022057832225201744,
                    0.00018299475533445353
                ],
                [
                    0.0,
                    0.0,
                    0.0,
                    1.0
                ]
            ]
        },
        {
            "file_path": "undistorted_images/img_0017.png",
            "sharpness": 21.700076830159542,
            "transform_matrix": [
                [
                    0.8656523194444715,
                    0.0011800617087537773,
                    0.5006442542312561,
                    0.4283594128645053
                ],
                [
                    -0.5006449193670277,
                    0.00033785097097815996,
                    0.8656526731713501,
                    0.742295056677682
                ],
                [
                    0.0008523804252832024,
                    -0.9999992466552587,
                    0.0008832533756809822,
                    -0.00014647398616872222
                ],
                [
                    0.0,
                    0.0,
                    0.0,
                    1.0
                ]
            ]
        },
        {
            "file_path": "undistorted_images/img_0018.png",
            "sharpness": 22.34741964764725,
            "transform_matrix": [
                [
                    0.9393480624348449,
                    -0.0003212995930487554,
                    0.34296517952479416,
                    0.2933955964089665
                ],
                [
                    -0.3429649103329072,
                    0.0006844211055313339,
                    0.9393479663298853,
                    0.8053664719286239
                ],
                [
                    -0.0005365447266420744,
                    -0.99999971416712,
                    0.0005327151532504266,
                    0.00012555422307426536
                ],
                [
                    0.0,
                    0.0,
                    0.0,
                    1.0
                ]
            ]
        },
        {
            "file_path": "undistorted_images/img_0019.png",
            "sharpness": 22.9429760321393,
            "transform_matrix": [
                [
                    0.9846408659294859,
                    7.887887026153738e-05,
                    0.1745919783946461,
                    0.14891756425372885
                ],
                [
                    -0.17459198312264407,
                    0.0008320887590947096,
                    0.9846405166646351,
                    0.844045060724775
                ],
                [
                    -6.760869108205482e-05,
                    -0.9999996507031498,
                    0.0008330802146706482,
                    0.0002541168447412915
                ],
                [
                    0.0,
                    0.0,
                    0.0,
                    1.0
                ]
            ]
        },
        {
            "file_path": "undistorted_images/img_0020.png",
            "sharpness": 21.39909085703457,
            "transform_matrix": [
                [
                    0.9999998619979202,
                    0.0005246837185903471,
                    2.666712537919787e-05,
                    -0.00024324963794091005
                ],
                [
                    -2.707299961326958e-05,
                    0.0007735679081243416,
                    0.9999997004298271,
                    0.8571582123531744
                ],
                [
                    0.0005246629325783597,
                    -0.9999995631497479,
                    0.0007735820061324804,
                    0.0001430049257876233
                ],
                [
                    0.0,
                    0.0,
                    0.0,
                    1.0
                ]
            ]
        },
        {
            "file_path": "undistorted_images/img_0021.png",
            "sharpness": 16.503382745281655,
            "transform_matrix": [
                [
                    0.9846982855173074,
                    -0.0001322196286248636,
                    -0.1742678083216885,
                    -0.14891168941155286
                ],
                [
                    0.17426759734167796,
                    -0.0009840730543070233,
                    0.9846978400082852,
                    0.8439185403559686
                ],
                [
                    -0.00030168863711611333,
                    -0.9999995070589752,
                    -0.0009459734523980135,
                    0.00014642490214556675
                ],
                [
                    0.0,
                    0.0,
                    0.0,
                    1.0
                ]
            ]
        },
        {
            "file_path": "undistorted_images/img_0022.png",
            "sharpness": 15.553615894247994,
            "transform_matrix": [
                [
                    0.9396346070268703,
                    0.0005923657555040008,
                    -0.34217898003862085,
                    -0.2930502363837014
                ],
                [
                    0.342178210340094,
                    0.0011111738246538938,
                    0.9396344170267404,
                    0.8053967401286359
                ],
                [
                    0.0009368275773052944,
                    -0.9999992071974574,
                    0.0008414027259820914,
                    -4.9972502124307725e-05
                ],
                [
                    0.0,
                    0.0,
                    0.0,
                    1.0
                ]
            ]
        },
        {
            "file_path": "undistorted_images/img_0023.png",
            "sharpness": 15.366326980757403,
            "transform_matrix": [
                [
                    0.8663295927717461,
                    -0.0011158527171617324,
                    -0.49947151226136427,
                    -0.42858369437852556
                ],
                [
                    0.49947200961114363,
                    0.000203518375747299,
                    0.866330000747565,
                    0.7424896883874098
                ],
                [
                    -0.0008650450543854053,
                    -0.9999993567262849,
                    0.0007336511906535538,
                    0.00024943863199545065
                ],
                [
                    0.0,
                    0.0,
                    0.0,
                    1.0
                ]
            ]
        },
        {
            "file_path": "undistorted_images/img_0024.png",
            "sharpness": 15.186410698278193,
            "transform_matrix": [
                [
                    0.7662243906902308,
                    -0.000493008289132089,
                    -0.6425729064115697,
                    -0.5509871627923388
                ],
                [
                    0.6425727195653631,
                    -0.0004938859241025306,
                    0.7662245468184035,
                    0.6567071081094499
                ],
                [
                    -0.0006951127666042659,
                    -0.9999997565097309,
                    -6.163376415009269e-05,
                    0.0001587662359194394
                ],
                [
                    0.0,
                    0.0,
                    0.0,
                    1.0
                ]
            ]
        },
        {
            "file_path": "undistorted_images/img_0025.png",
            "sharpness": 8.620244098077762,
            "transform_matrix": [
                [
                    -0.8140782606048645,
                    -0.3415290929952971,
                    -0.46971743021562173,
                    -0.40269052414502055
                ],
                [
                    -0.295635182317309,
                    0.9398711399148406,
                    -0.17100315591061307,
                    -0.14657039449098974
                ],
                [
                    0.499876409312111,
                    -0.0003449536022411737,
                    -0.8660966784489149,
                    -0.7422255147816053
                ],
                [
                    0.0,
                    0.0,
                    0.0,
                    1.0
                ]
            ]
        },
        {
            "file_path": "undistorted_images/img_0026.png",
            "sharpness": 7.969166618769532,
            "transform_matrix": [
                [
                    -0.7498236650336371,
                    -0.4995693527912043,
                    -0.433814399377546,
                    -0.3713000721868699
                ],
                [
                    -0.4328227503157473,
                    0.8662736065130479,
                    -0.2494684458363208,
                    -0.21433733875359054
                ],
                [
                    0.500428754334357,
                    0.0007073970979279735,
                    -0.8657774318060674,
                    -0.7421368558407606
                ],
                [
                    0.0,
                    0.0,
                    0.0,
                    1.0
                ]
            ]
        },
        {
            "file_path": "undistorted_images/img_0027.png",
            "sharpness": 7.815530687863667,
            "transform_matrix": [
                [
                    -0.6628424560081475,
                    -0.6434118918957217,
                    -0.38296346546407617,
                    -0.3280255874993085
                ],
                [
                    -0.5573649602405492,
                    0.7655200766950494,
                    -0.3214394395105499,
                    -0.2756719097990939
                ],
                [
                    0.49998417935884487,
                    0.000386709158912366,
                    -0.8660344513048476,
                    -0.7421544035832882
                ],
                [
                    0.0,
                    0.0,
                    0.0,
                    1.0
                ]
            ]
        },
        {
            "file_path": "undistorted_images/img_0028.png",
            "sharpness": 7.065496535016875,
            "transform_matrix": [
                [
                    -0.9395480917216295,
                    0.2965698348969479,
                    -0.17115991461624955,
                    -0.14649754097325132
                ],
                [
                    0.34241694399798134,
                    0.8135439396969683,
                    -0.4699966964196865,
                    -0.4028425131594878
                ],
                [
                    -0.00014073140419697489,
                    -0.5001925541344381,
                    -0.8659141926213817,
                    -0.7420943309201747
                ],
                [
                    0.0,
                    0.0,
                    0.0,
                    1.0
                ]
            ]
        },
        {
            "file_path": "undistorted_images/img_0029.png",
            "sharpness": 7.114294869548925,
            "transform_matrix": [
                [
                    -0.9846376588772657,
                    0.1510638247872783,
                    -0.08756940996338829,
                    -0.07422500237776994
                ],
                [
                    0.1746098855046136,
                    0.8526101178496936,
                    -0.49251129410846745,
                    -0.42201392972641927
                ],
                [
                    0.0002619251099553721,
                    -0.5002356522489876,
                    -0.8658892675245877,
                    -0.7419926001315182
                ],
                [
                    0.0,
                    0.0,
                    0.0,
                    1.0
                ]
            ]
        },
        {
            "file_path": "undistorted_images/img_0030.png",
            "sharpness": 6.8969306087969775,
            "transform_matrix": [
                [
                    -0.999999590156139,
                    -0.00030836862947937824,
                    -0.0008512322494773829,
                    -7.894338470097383e-05
                ],
                [
                    0.00015766394456027914,
                    0.8665281644198783,
                    -0.4991281552960092,
                    -0.42875593374665655
                ],
                [
                    0.0008915321838178413,
                    -0.4991280849400331,
                    -0.8665277606600152,
                    -0.7420516005915822
                ],
                [
                    0.0,
                    0.0,
                    0.0,
                    1.0
                ]
            ]
        },
        {
            "file_path": "undistorted_images/img_0031.png",
            "sharpness": 6.811759646133947,
            "transform_matrix": [
                [
                    -0.9849279130525114,
                    -0.14970804790583545,
                    0.08662855465866026,
                    0.0742919658243776
                ],
                [
                    -0.1729653237741956,
                    0.8526472848669023,
                    -0.49302698139228346,
                    -0.42190218155605375
                ],
                [
                    -5.34949725053145e-05,
                    -0.500579771865907,
                    -0.865690411831484,
                    -0.7423365868920117
                ],
                [
                    0.0,
                    0.0,
                    0.0,
                    1.0
                ]
            ]
        },
        {
            "file_path": "undistorted_images/img_0032.png",
            "sharpness": 7.529365003842046,
            "transform_matrix": [
                [
                    -0.2956752472908728,
                    0.9398880690779493,
                    0.17084076136685053,
                    0.14644598777275605
                ],
                [
                    0.8136890330749164,
                    0.34148266561350193,
                    -0.47042507005803236,
                    -0.4026153396502313
                ],
                [
                    -0.5004860693296954,
                    -8.179499485977304e-05,
                    -0.8657445857275056,
                    -0.7423683292829786
                ],
                [
                    0.0,
                    0.0,
                    0.0,
                    1.0
                ]
            ]
        },
        {
            "file_path": "undistorted_images/img_0033.png",
            "sharpness": 7.316002530154591,
            "transform_matrix": [
                [
                    -0.4340361241803083,
                    0.8656479856697605,
                    0.249531977534788,
                    0.21441227309626815
                ],
                [
                    0.7497311045545284,
                    0.5006525972432205,
                    -0.43272421672130224,
                    -0.37099812776010843
                ],
                [
                    -0.4995156792033489,
                    -0.0007360567258413947,
                    -0.8663045333198445,
                    -0.742455240437294
                ],
                [
                    0.0,
                    0.0,
                    0.0,
                    1.0
                ]
            ]
        },
        {
            "file_path": "undistorted_images/img_0034.png",
            "sharpness": 7.185970437409705,
            "transform_matrix": [
                [
                    -0.5567803853485134,
                    0.7663854401077108,
                    0.3203887633517618,
                    0.2755330471662317
                ],
                [
                    0.6637699752996419,
                    0.6423806958720318,
                    -0.38308805966993664,
                    -0.3283991707431717
                ],
                [
                    -0.4994046679616379,
                    -0.0006314759491598558,
                    -0.8663686160383766,
                    -0.7422251715263528
                ],
                [
                    0.0,
                    0.0,
                    0.0,
                    1.0
                ]
            ]
        },
        {
            "file_path": "undistorted_images/img_0035.png",
            "sharpness": 7.3062068911469575,
            "transform_matrix": [
                [
                    -0.6643255435472284,
                    0.6425069314967569,
                    0.38191152793454836,
                    0.32817285046667105
                ],
                [
                    0.5560977990522811,
                    0.766278561377551,
                    -0.3218266680409807,
                    -0.2756556058348657
                ],
                [
                    -0.499426481156024,
                    -0.0014175160572217755,
                    -0.8663551122769109,
                    -0.7424522097833732
                ],
                [
                    0.0,
                    0.0,
                    0.0,
                    1.0
                ]
            ]
        },
        {
            "file_path": "undistorted_images/img_0036.png",
            "sharpness": 7.910676187612929,
            "transform_matrix": [
                [
                    -0.7498573125646417,
                    0.5009627536587015,
                    0.43214619081975536,
                    0.37100536559870534
                ],
                [
                    0.43385446880003914,
                    0.8654687821287199,
                    -0.250467736570734,
                    -0.21413163094909066
                ],
                [
                    -0.4994840444854761,
                    -0.0003265077670140282,
                    -0.8663230244528362,
                    -0.7425392070374583
                ],
                [
                    0.0,
                    0.0,
                    0.0,
                    1.0
                ]
            ]
        },
        {
            "file_path": "undistorted_images/img_0037.png",
            "sharpness": 8.083727214950791,
            "transform_matrix": [
                [
                    -0.8136181206938871,
                    0.3432629786380727,
                    0.4692505526635693,
                    0.40282551437253034
                ],
                [
                    0.29705163520558386,
                    0.9392391644896073,
                    -0.17201778370434018,
                    -0.14701216251376484
                ],
                [
                    -0.49978583383308883,
                    -0.0005651419136156265,
                    -0.8661488330041099,
                    -0.7423180223884354
                ],
                [
                    0.0,
                    0.0,
                    0.0,
                    1.0
                ]
            ]
        },
        {
            "file_path": "undistorted_images/img_0038.png",
            "sharpness": 7.924644187230053,
            "transform_matrix": [
                [
                    -0.8532332400160256,
                    0.1743156203801575,
                    0.4915354540857009,
                    0.4220749664214538
                ],
                [
                    0.15092492039317182,
                    0.984689803415083,
                    -0.08722189779338639,
                    -0.07452794591846942
                ],
                [
                    -0.49921408887978125,
                    -0.00023567317629172012,
                    -0.8664786425077564,
                    -0.7420777562984806
                ],
                [
                    0.0,
                    0.0,
                    0.0,
                    1.0
                ]
            ]
        },
        {
            "file_path": "undistorted_images/img_0039.png",
            "sharpness": 7.868879899546905,
            "transform_matrix": [
                [
                    -0.8657051424885509,
                    0.0006152655726982805,
                    0.5005539208888015,
                    0.4285289890857441
                ],
                [
                    0.0007137341980861274,
                    0.9999997452780376,
                    5.230105223883705e-06,
                    -5.251279362454227e-05
                ],
                [
                    -0.5005537901688208,
                    0.00036179018031250794,
                    -0.8657053611105184,
                    -0.7422671079541516
                ],
                [
                    0.0,
                    0.0,
                    0.0,
                    1.0
                ]
            ]
        },
        {
            "file_path": "undistorted_images/img_0040.png",
            "sharpness": 7.812208330814069,
            "transform_matrix": [
                [
                    -0.8527871956181757,
                    -0.17251975967594937,
                    0.49294110349111653,
                    0.4220480602820005
                ],
                [
                    -0.1494592509202649,
                    0.9850060385639015,
                    0.08616865037241245,
                    0.07469999281807124
                ],
                [
                    -0.5004157584489524,
                    -0.00019108637429839,
                    -0.8657852113439897,
                    -0.7422879936898965
                ],
                [
                    0.0,
                    0.0,
                    0.0,
                    1.0
                ]
            ]
        },
        {
            "file_path": "undistorted_images/img_0041.png",
            "sharpness": 7.9025057571669235,
            "transform_matrix": [
                [
                    -0.8141856859114261,
                    -0.3414365906177425,
                    0.4695984704449889,
                    0.402616317686349
                ],
                [
                    -0.2955053018146915,
                    0.939904682599172,
                    0.17104328173757186,
                    0.14661989210683501
                ],
                [
                    -0.49977823627720036,
                    0.0004921539214822987,
                    -0.8661532614544429,
                    -0.7423972804216405
                ],
                [
                    0.0,
                    0.0,
                    0.0,
                    1.0
                ]
            ]
        },
        {
            "file_path": "undistorted_images/img_0042.png",
            "sharpness": 7.989381510089391,
            "transform_matrix": [
                [
                    -0.7500560485750186,
                    -0.49920561713974304,
                    0.43383139099442436,
                    0.37098520100687593
                ],
                [
                    -0.43193707809511656,
                    0.8664834921504881,
                    0.2502732874226643,
                    0.21434990300390605
                ],
                [
                    -0.5008455695747762,
                    0.0003311296160518174,
                    -0.8655365999138886,
                    -0.7422313899408195
                ],
                [
                    0.0,
                    0.0,
                    0.0,
                    1.0
                ]
            ]
        },
        {
            "file_path": "undistorted_images/img_0043.png",
            "sharpness": 8.086805317514283,
            "transform_matrix": [
                [
                    0.6638088602887676,
                    0.6418126966916822,
                    0.383971690841236,
                    0.32847706656114634
                ],
                [
                    0.5557420124225337,
                    -0.7668613879857922,
                    0.3210520631378285,
                    0.27506258153708313
                ],
                [
                    0.5005083542066797,
                    0.00027199605651205577,
                    -0.8657316636160798,
                    -0.7422102722118277
                ],
                [
                    0.0,
                    0.0,
                    0.0,
                    1.0
                ]
            ]
        },
        {
            "file_path": "undistorted_images/img_0044.png",
            "sharpness": 10.619294801651744,
            "transform_matrix": [
                [
                    0.7659943555338923,
                    -0.5562345618936073,
                    0.32226659684994285,
